# imodfit> Score file
# Iter       Score cross.corr. Delta_Score D_Score_Avg
     0  8.9609e-01  1.0391e-01
    20  8.9605e-01  1.0395e-01  5.3644e-07  4.5674e-41
    40  8.9603e-01  1.0397e-01  1.6093e-06  4.5674e-41
    60  8.9602e-01  1.0398e-01  0.0000e+00  4.5674e-41
    80  8.9599e-01  1.0401e-01  0.0000e+00  4.5674e-41
   100  8.9597e-01  1.0403e-01  2.1458e-06  4.5674e-41
   120  8.9594e-01  1.0406e-01  1.3709e-06  4.5674e-41
   140  8.9593e-01  1.0407e-01  3.4571e-06  4.5674e-41
   160  8.9592e-01  1.0408e-01  2.9206e-06  4.5674e-41
   180  8.9590e-01  1.0410e-01  0.0000e+00  4.5674e-41
   200  8.8779e-01  1.1221e-01  0.0000e+00  4.5674e-41
   220  8.8774e-01  1.1226e-01  0.0000e+00  4.5674e-41
   240  8.8771e-01  1.1229e-01  0.0000e+00  4.5674e-41
   260  8.8768e-01  1.1232e-01  3.6955e-06  4.5674e-41
   280  8.8766e-01  1.1234e-01  3.5763e-07  4.5674e-41
   300  8.8763e-01  1.1237e-01  0.0000e+00  4.5674e-41
   320  8.8762e-01  1.1238e-01  5.9605e-07  4.5674e-41
   340  8.8761e-01  1.1239e-01  0.0000e+00  4.5674e-41
   360  8.8760e-01  1.1240e-01  0.0000e+00  4.5674e-41
   380  8.8759e-01  1.1241e-01  0.0000e+00  4.5674e-41
   400  8.8740e-01  1.1260e-01  0.0000e+00  4.5674e-41
   420  8.8740e-01  1.1260e-01  0.0000e+00  4.5674e-41
   440  8.8739e-01  1.1261e-01  6.5565e-07  4.5674e-41
   460  8.8739e-01  1.1261e-01  1.1921e-07  4.5674e-41
   480  8.8738e-01  1.1262e-01  1.1921e-07  4.5674e-41
   500  8.8738e-01  1.1262e-01  0.0000e+00  4.5674e-41
   520  8.8738e-01  1.1262e-01  0.0000e+00  4.5674e-41
   540  8.8737e-01  1.1263e-01  0.0000e+00  4.5674e-41
   560  8.8737e-01  1.1263e-01  5.9605e-07  4.5674e-41
   580  8.8737e-01  1.1263e-01  4.7684e-07  4.5674e-41
   600  8.8737e-01  1.1263e-01  0.0000e+00  4.5674e-41
   620  8.8736e-01  1.1264e-01  1.1921e-07  4.5674e-41
   640  8.8736e-01  1.1264e-01  0.0000e+00  4.5674e-41
   660  8.8736e-01  1.1264e-01  0.0000e+00  4.5674e-41
   680  8.8736e-01  1.1264e-01  2.3842e-07  4.5674e-41
   700  8.8735e-01  1.1265e-01  7.1526e-07  4.5674e-41
   720  8.8735e-01  1.1265e-01  3.5763e-07  4.5674e-41
   740  8.8735e-01  1.1265e-01  4.7684e-07  4.5674e-41
   760  8.8735e-01  1.1265e-01  3.5763e-07  4.5674e-41
   780  8.8735e-01  1.1265e-01  0.0000e+00  4.5674e-41
   800  8.8735e-01  1.1265e-01  5.9605e-08  4.5674e-41
   820  8.8735e-01  1.1265e-01  0.0000e+00  4.5674e-41
   840  8.8734e-01  1.1266e-01  2.3842e-07  4.5674e-41
   860  8.8734e-01  1.1266e-01  2.3842e-07  4.5674e-41
   880  8.8734e-01  1.1266e-01  1.7881e-07  4.5674e-41
   900  8.8734e-01  1.1266e-01  3.5763e-07  4.5674e-41
   920  8.8734e-01  1.1266e-01  1.7881e-07  4.5674e-41
   940  8.8734e-01  1.1266e-01  2.3842e-07  4.5674e-41
   960  8.8733e-01  1.1267e-01  0.0000e+00  4.5674e-41
   980  8.8733e-01  1.1267e-01  0.0000e+00  4.5674e-41
  1000  8.8733e-01  1.1267e-01  2.3842e-07  4.5674e-41
  1020  8.8733e-01  1.1267e-01  4.1723e-07  4.5674e-41
  1040  8.8733e-01  1.1267e-01  8.3447e-07  4.5674e-41
  1060  8.8733e-01  1.1267e-01  2.3842e-07  4.5674e-41
  1080  8.8732e-01  1.1268e-01  4.1723e-07  4.5674e-41
  1100  8.8732e-01  1.1268e-01  2.9802e-07  4.5674e-41
  1120  8.8732e-01  1.1268e-01  0.0000e+00  4.5674e-41
  1140  8.8732e-01  1.1268e-01  1.7881e-07  4.5674e-41
  1160  8.8732e-01  1.1268e-01  0.0000e+00  4.5674e-41
  1180  8.8732e-01  1.1268e-01  0.0000e+00  4.5674e-41
  1200  8.8731e-01  1.1269e-01  2.9802e-07  4.5674e-41
  1220  8.8731e-01  1.1269e-01  0.0000e+00  4.5674e-41
  1240  8.8731e-01  1.1269e-01  0.0000e+00  4.5674e-41
  1260  8.8731e-01  1.1269e-01  0.0000e+00  4.5674e-41
  1280  8.8731e-01  1.1269e-01  0.0000e+00  4.5674e-41
  1300  8.8731e-01  1.1269e-01  1.1921e-07  4.5674e-41
  1320  8.8731e-01  1.1269e-01  6.5565e-07  4.5674e-41
  1340  8.8730e-01  1.1270e-01  4.7684e-07  4.5674e-41
  1360  8.8730e-01  1.1270e-01  0.0000e+00  4.5674e-41
  1380  8.8730e-01  1.1270e-01  5.3644e-07  4.5674e-41
  1400  8.8730e-01  1.1270e-01  0.0000e+00  4.5674e-41
  1420  8.8730e-01  1.1270e-01  0.0000e+00  4.5674e-41
  1440  8.8730e-01  1.1270e-01  0.0000e+00  4.5674e-41
  1460  8.8730e-01  1.1270e-01  6.5565e-07  4.5674e-41
  1480  8.8729e-01  1.1271e-01  4.1723e-07  4.5674e-41
  1500  8.8729e-01  1.1271e-01  2.3842e-07  4.5674e-41
  1520  8.8729e-01  1.1271e-01  0.0000e+00  4.5674e-41
  1540  8.8729e-01  1.1271e-01  3.5763e-07  4.5674e-41
  1560  8.8729e-01  1.1271e-01  1.1921e-07  4.5674e-41
  1580  8.8729e-01  1.1271e-01  0.0000e+00  4.5674e-41
  1600  8.8729e-01  1.1271e-01  1.1921e-07  4.5674e-41
  1620  8.8729e-01  1.1271e-01  0.0000e+00  4.5674e-41
  1640  8.8729e-01  1.1271e-01  2.3842e-07  4.5674e-41
  1660  8.8729e-01  1.1271e-01  4.1723e-07  4.5674e-41
  1680  8.8728e-01  1.1272e-01  4.1723e-07  4.5674e-41
  1700  8.8728e-01  1.1272e-01  2.9802e-07  4.5674e-41
  1720  8.8728e-01  1.1272e-01  0.0000e+00  4.5674e-41
  1740  8.8728e-01  1.1272e-01  0.0000e+00  4.5674e-41
  1760  8.8728e-01  1.1272e-01  0.0000e+00  4.5674e-41
  1780  8.8728e-01  1.1272e-01  1.1921e-07  4.5674e-41
  1800  8.8728e-01  1.1272e-01  0.0000e+00  4.5674e-41
  1820  8.8728e-01  1.1272e-01  0.0000e+00  4.5674e-41
  1840  8.8728e-01  1.1272e-01  0.0000e+00  4.5674e-41
  1860  8.8727e-01  1.1273e-01  0.0000e+00  4.5674e-41
  1880  8.8727e-01  1.1273e-01  4.1723e-07  4.5674e-41
  1900  8.8727e-01  1.1273e-01  4.1723e-07  4.5674e-41
  1920  8.8727e-01  1.1273e-01  0.0000e+00  4.5674e-41
  1940  8.8727e-01  1.1273e-01  0.0000e+00  4.5674e-41
  1960  8.8727e-01  1.1273e-01  4.7684e-07  4.5674e-41
  1980  8.8726e-01  1.1274e-01  0.0000e+00  4.5674e-41
  2000  8.8726e-01  1.1274e-01  0.0000e+00  4.5674e-41
  2020  8.8726e-01  1.1274e-01  0.0000e+00  1.6709e-03
  2040  8.8726e-01  1.1274e-01  7.1526e-07  1.4980e-03
  2060  8.8726e-01  1.1274e-01  4.1723e-07  1.3252e-03
  2080  8.8726e-01  1.1274e-01  1.1921e-07  1.1525e-03
  2100  8.8726e-01  1.1274e-01  1.7881e-07  9.8085e-04
  2120  8.8726e-01  1.1274e-01  5.9605e-08  8.0919e-04
  2140  8.8726e-01  1.1274e-01  1.7881e-07  6.3795e-04
  2160  8.8726e-01  1.1274e-01  2.9802e-07  4.6748e-04
  2180  8.8725e-01  1.1275e-01  5.9605e-08  2.9701e-04
  2200  8.8725e-01  1.1275e-01  4.1723e-07  1.2654e-04
  2220  8.8725e-01  1.1275e-01  1.7881e-07  1.1855e-04
  2240  8.8725e-01  1.1275e-01  1.7881e-07  1.1140e-04
  2260  8.8725e-01  1.1275e-01  1.1921e-07  1.0520e-04
  2277  8.8725e-01  0.0000e+00  1.1275e-01  0.0000e+00  9.9838e-05
# Std.corr:  FIRST=   0.10390824   LAST=   0.11274838  TIME=   5088 s
