# imodfit> Score file
# Iter       Score cross.corr. Delta_Score D_Score_Avg
     0  9.2608e-01  7.3921e-02
    20  9.2595e-01  7.4049e-02  0.0000e+00  9.1834e-41
    40  9.2590e-01  7.4104e-02  0.0000e+00  9.1834e-41
    60  9.2585e-01  7.4148e-02  0.0000e+00  9.1834e-41
    80  9.2577e-01  7.4226e-02  0.0000e+00  9.1834e-41
   100  9.2566e-01  7.4342e-02  0.0000e+00  9.1834e-41
   120  9.2551e-01  7.4487e-02  0.0000e+00  9.1834e-41
   140  9.2547e-01  7.4533e-02  0.0000e+00  9.1834e-41
   160  9.2541e-01  7.4594e-02  1.8477e-06  9.1834e-41
   180  9.2536e-01  7.4639e-02  0.0000e+00  9.1834e-41
   200  9.1058e-01  8.9416e-02  0.0000e+00  9.1834e-41
   220  9.1054e-01  8.9458e-02  0.0000e+00  9.1834e-41
   240  9.1051e-01  8.9486e-02  3.8147e-06  9.1834e-41
   260  9.1046e-01  8.9537e-02  0.0000e+00  9.1834e-41
   280  9.1037e-01  8.9630e-02  0.0000e+00  9.1834e-41
   300  9.1032e-01  8.9684e-02  0.0000e+00  9.1834e-41
   320  9.1028e-01  8.9724e-02  6.5565e-07  9.1834e-41
   340  9.1025e-01  8.9746e-02  8.0466e-06  9.1834e-41
   360  9.1019e-01  8.9814e-02  0.0000e+00  9.1834e-41
   380  9.1015e-01  8.9848e-02  0.0000e+00  9.1834e-41
   400  8.9233e-01  1.0767e-01  0.0000e+00  9.1834e-41
   420  8.9231e-01  1.0769e-01  2.2054e-06  9.1834e-41
   440  8.9230e-01  1.0770e-01  5.9605e-07  9.1834e-41
   460  8.9229e-01  1.0771e-01  0.0000e+00  9.1834e-41
   480  8.9227e-01  1.0773e-01  5.3644e-07  9.1834e-41
   500  8.9226e-01  1.0774e-01  0.0000e+00  9.1834e-41
   520  8.9224e-01  1.0776e-01  1.8477e-06  9.1834e-41
   540  8.9224e-01  1.0776e-01  8.9407e-07  9.1834e-41
   560  8.9222e-01  1.0778e-01  0.0000e+00  9.1834e-41
   580  8.9221e-01  1.0779e-01  0.0000e+00  9.1834e-41
   600  8.8783e-01  1.1217e-01  0.0000e+00  9.1834e-41
   620  8.8777e-01  1.1223e-01  0.0000e+00  9.1834e-41
   640  8.8769e-01  1.1231e-01  1.2338e-05  9.1834e-41
   660  8.8764e-01  1.1236e-01  1.4246e-05  9.1834e-41
   680  8.8759e-01  1.1241e-01  7.2718e-06  9.1834e-41
   700  8.8754e-01  1.1246e-01  2.9802e-07  9.1834e-41
   720  8.8747e-01  1.1253e-01  0.0000e+00  9.1834e-41
   740  8.8744e-01  1.1256e-01  0.0000e+00  9.1834e-41
   760  8.8740e-01  1.1260e-01  2.8610e-06  9.1834e-41
   780  8.8737e-01  1.1263e-01  6.1393e-06  9.1834e-41
   800  8.8734e-01  1.1266e-01  0.0000e+00  9.1834e-41
   820  8.8733e-01  1.1267e-01  0.0000e+00  9.1834e-41
   840  8.8731e-01  1.1269e-01  3.4571e-06  9.1834e-41
   860  8.8729e-01  1.1271e-01  1.1921e-06  9.1834e-41
   880  8.8727e-01  1.1273e-01  1.4305e-06  9.1834e-41
   900  8.8725e-01  1.1275e-01  0.0000e+00  9.1834e-41
   920  8.8724e-01  1.1276e-01  5.9605e-07  9.1834e-41
   940  8.8724e-01  1.1276e-01  9.5367e-07  9.1834e-41
   960  8.8723e-01  1.1277e-01  0.0000e+00  9.1834e-41
   980  8.8721e-01  1.1279e-01  0.0000e+00  9.1834e-41
  1000  8.8719e-01  1.1281e-01  0.0000e+00  9.1834e-41
  1020  8.8719e-01  1.1281e-01  0.0000e+00  9.1834e-41
  1040  8.8718e-01  1.1282e-01  1.7881e-07  9.1834e-41
  1060  8.8718e-01  1.1282e-01  3.5763e-07  9.1834e-41
  1080  8.8717e-01  1.1283e-01  5.9605e-08  9.1834e-41
  1100  8.8716e-01  1.1284e-01  0.0000e+00  9.1834e-41
  1120  8.8716e-01  1.1284e-01  0.0000e+00  9.1834e-41
  1140  8.8715e-01  1.1285e-01  0.0000e+00  9.1834e-41
  1160  8.8715e-01  1.1285e-01  0.0000e+00  9.1834e-41
  1180  8.8715e-01  1.1285e-01  1.1921e-07  9.1834e-41
  1200  8.8714e-01  1.1286e-01  0.0000e+00  9.1834e-41
  1220  8.8714e-01  1.1286e-01  2.9802e-07  9.1834e-41
  1240  8.8713e-01  1.1287e-01  1.1921e-07  9.1834e-41
  1260  8.8712e-01  1.1288e-01  0.0000e+00  9.1834e-41
  1280  8.8712e-01  1.1288e-01  0.0000e+00  9.1834e-41
  1300  8.8711e-01  1.1289e-01  1.1921e-07  9.1834e-41
  1320  8.8711e-01  1.1289e-01  2.9802e-07  9.1834e-41
  1340  8.8711e-01  1.1289e-01  0.0000e+00  9.1834e-41
  1360  8.8710e-01  1.1290e-01  8.9407e-07  9.1834e-41
  1380  8.8710e-01  1.1290e-01  6.5565e-07  9.1834e-41
  1400  8.8709e-01  1.1291e-01  0.0000e+00  9.1834e-41
  1420  8.8709e-01  1.1291e-01  0.0000e+00  9.1834e-41
  1440  8.8709e-01  1.1291e-01  6.5565e-07  9.1834e-41
  1460  8.8709e-01  1.1291e-01  0.0000e+00  9.1834e-41
  1480  8.8708e-01  1.1292e-01  2.3842e-07  9.1834e-41
  1500  8.8708e-01  1.1292e-01  3.5763e-07  9.1834e-41
  1520  8.8708e-01  1.1292e-01  3.5763e-07  9.1834e-41
  1540  8.8707e-01  1.1293e-01  1.1921e-07  9.1834e-41
  1560  8.8707e-01  1.1293e-01  0.0000e+00  9.1834e-41
  1580  8.8707e-01  1.1293e-01  5.3644e-07  9.1834e-41
  1600  8.8706e-01  1.1294e-01  0.0000e+00  9.1834e-41
  1620  8.8706e-01  1.1294e-01  1.1325e-06  9.1834e-41
  1640  8.8706e-01  1.1294e-01  0.0000e+00  9.1834e-41
  1660  8.8706e-01  1.1294e-01  5.9605e-08  9.1834e-41
  1680  8.8706e-01  1.1294e-01  2.3842e-07  9.1834e-41
  1700  8.8706e-01  1.1294e-01  2.9802e-07  9.1834e-41
  1720  8.8705e-01  1.1295e-01  5.9605e-08  9.1834e-41
  1740  8.8705e-01  1.1295e-01  0.0000e+00  9.1834e-41
  1760  8.8705e-01  1.1295e-01  0.0000e+00  9.1834e-41
  1780  8.8705e-01  1.1295e-01  0.0000e+00  9.1834e-41
  1800  8.8704e-01  1.1296e-01  3.5763e-07  9.1834e-41
  1820  8.8704e-01  1.1296e-01  0.0000e+00  9.1834e-41
  1840  8.8704e-01  1.1296e-01  0.0000e+00  9.1834e-41
  1860  8.8704e-01  1.1296e-01  0.0000e+00  9.1834e-41
  1880  8.8704e-01  1.1296e-01  5.9605e-08  9.1834e-41
  1900  8.8703e-01  1.1297e-01  0.0000e+00  9.1834e-41
  1920  8.8703e-01  1.1297e-01  0.0000e+00  9.1834e-41
  1940  8.8703e-01  1.1297e-01  2.3842e-07  9.1834e-41
  1960  8.8703e-01  1.1297e-01  0.0000e+00  9.1834e-41
  1980  8.8703e-01  1.1297e-01  5.9605e-07  9.1834e-41
  2000  8.8702e-01  1.1298e-01  1.1921e-06  9.1834e-41
  2020  8.8702e-01  1.1298e-01  4.7684e-07  1.2754e-02
  2040  8.8702e-01  1.1298e-01  0.0000e+00  1.1982e-02
  2060  8.8702e-01  1.1298e-01  1.7881e-07  1.1212e-02
  2080  8.8702e-01  1.1298e-01  4.7684e-07  1.0443e-02
  2100  8.8701e-01  1.1299e-01  0.0000e+00  9.6754e-03
  2120  8.8701e-01  1.1299e-01  6.5565e-07  8.9098e-03
  2140  8.8701e-01  1.1299e-01  9.5367e-07  8.1456e-03
  2160  8.8701e-01  1.1299e-01  0.0000e+00  7.3823e-03
  2180  8.8701e-01  1.1299e-01  0.0000e+00  6.6200e-03
  2200  8.8701e-01  1.1299e-01  4.7684e-07  5.8588e-03
  2220  8.8700e-01  1.1300e-01  0.0000e+00  5.3927e-03
  2240  8.8700e-01  1.1300e-01  0.0000e+00  4.9269e-03
  2260  8.8700e-01  1.1300e-01  0.0000e+00  4.4619e-03
  2280  8.8700e-01  1.1300e-01  3.5763e-07  3.9985e-03
  2300  8.8700e-01  1.1300e-01  0.0000e+00  3.5365e-03
  2320  8.8699e-01  1.1301e-01  1.1921e-07  3.0751e-03
  2340  8.8699e-01  1.1301e-01  0.0000e+00  2.6143e-03
  2360  8.8699e-01  1.1301e-01  0.0000e+00  2.1543e-03
  2380  8.8699e-01  1.1301e-01  5.9605e-08  1.6953e-03
  2400  8.8699e-01  1.1301e-01  0.0000e+00  1.2368e-03
  2420  8.8699e-01  1.1301e-01  0.0000e+00  1.1343e-03
  2440  8.8698e-01  1.1302e-01  0.0000e+00  1.0318e-03
  2460  8.8698e-01  1.1302e-01  5.9605e-08  9.3013e-04
  2480  8.8698e-01  1.1302e-01  4.7684e-07  8.2880e-04
  2500  8.8698e-01  1.1302e-01  5.9605e-08  7.2747e-04
  2520  8.8698e-01  1.1302e-01  0.0000e+00  6.2615e-04
  2540  8.8698e-01  1.1302e-01  0.0000e+00  5.2482e-04
  2560  8.8698e-01  1.1302e-01  0.0000e+00  4.2361e-04
  2580  8.8697e-01  1.1303e-01  0.0000e+00  3.2347e-04
  2600  8.8697e-01  1.1303e-01  0.0000e+00  2.2334e-04
  2620  8.8697e-01  1.1303e-01  0.0000e+00  2.1082e-04
  2640  8.8697e-01  1.1303e-01  3.5763e-07  1.9979e-04
  2660  8.8697e-01  1.1303e-01  4.1723e-07  1.9014e-04
  2680  8.8696e-01  1.1304e-01  0.0000e+00  1.8138e-04
  2700  8.8696e-01  1.1304e-01  1.1921e-07  1.7387e-04
  2720  8.8696e-01  1.1304e-01  4.1723e-07  1.6713e-04
  2740  8.8696e-01  1.1304e-01  1.7881e-07  1.6117e-04
  2760  8.8696e-01  1.1304e-01  0.0000e+00  1.5634e-04
  2780  8.8696e-01  1.1304e-01  5.9605e-08  1.5181e-04
  2800  8.8695e-01  1.1305e-01  1.7881e-07  1.4752e-04
  2820  8.8695e-01  1.1305e-01  3.5763e-07  1.4275e-04
  2840  8.8695e-01  1.1305e-01  5.9605e-08  1.3798e-04
  2860  8.8695e-01  1.1305e-01  7.7486e-07  1.3411e-04
  2880  8.8695e-01  1.1305e-01  2.3842e-07  1.3053e-04
  2900  8.8695e-01  1.1305e-01  0.0000e+00  1.2696e-04
  2920  8.8695e-01  1.1305e-01  0.0000e+00  1.2338e-04
  2940  8.8694e-01  1.1306e-01  3.5763e-07  1.2016e-04
  2960  8.8694e-01  1.1306e-01  0.0000e+00  1.1778e-04
  2980  8.8694e-01  1.1306e-01  0.0000e+00  1.1539e-04
  3000  8.8694e-01  1.1306e-01  2.9802e-07  1.1301e-04
  3020  8.8694e-01  1.1306e-01  0.0000e+00  1.1063e-04
  3040  8.8693e-01  1.1307e-01  1.7881e-07  1.0824e-04
  3060  8.8693e-01  1.1307e-01  0.0000e+00  1.0586e-04
  3080  8.8693e-01  1.1307e-01  5.3644e-07  1.0347e-04
  3100  8.8693e-01  1.1307e-01  2.9802e-07  1.0109e-04
  3112  8.8693e-01  0.0000e+00  1.1307e-01  2.9802e-07  9.9957e-05
# Std.corr:  FIRST=   0.07392108   LAST=   0.11307051  TIME=   7714 s
