# imodfit> Score file
# Iter       Score cross.corr. Delta_Score D_Score_Avg
     0  9.2850e-01  7.1504e-02
    20  9.2841e-01  7.1587e-02  0.0000e+00  4.5691e-41
    40  9.2833e-01  7.1672e-02  0.0000e+00  4.5691e-41
    60  9.2825e-01  7.1753e-02  6.9141e-06  4.5691e-41
    80  9.2808e-01  7.1923e-02  0.0000e+00  4.5691e-41
   100  9.2798e-01  7.2023e-02  0.0000e+00  4.5691e-41
   120  9.2786e-01  7.2140e-02  0.0000e+00  4.5691e-41
   140  9.2776e-01  7.2238e-02  1.5616e-05  4.5691e-41
   160  9.2760e-01  7.2397e-02  0.0000e+00  4.5691e-41
   180  9.2749e-01  7.2506e-02  2.5690e-05  4.5691e-41
   200  9.1729e-01  8.2712e-02  0.0000e+00  4.5691e-41
   220  9.1721e-01  8.2787e-02  9.1791e-06  4.5691e-41
   240  9.1711e-01  8.2887e-02  7.0333e-06  4.5691e-41
   260  9.1701e-01  8.2988e-02  8.2850e-06  4.5691e-41
   280  9.1685e-01  8.3148e-02  0.0000e+00  4.5691e-41
   300  9.1680e-01  8.3202e-02  1.1504e-05  4.5691e-41
   320  9.1671e-01  8.3290e-02  0.0000e+00  4.5691e-41
   340  9.1668e-01  8.3324e-02  5.1260e-06  4.5691e-41
   360  9.1660e-01  8.3404e-02  5.4836e-06  4.5691e-41
   380  9.1649e-01  8.3507e-02  1.9073e-06  4.5691e-41
   400  9.0865e-01  9.1347e-02  4.2319e-06  4.5691e-41
   420  9.0856e-01  9.1438e-02  8.3447e-06  4.5691e-41
   440  9.0849e-01  9.1506e-02  5.6624e-06  4.5691e-41
   460  9.0841e-01  9.1590e-02  1.5438e-05  4.5691e-41
   480  9.0833e-01  9.1668e-02  0.0000e+00  4.5691e-41
   500  9.0825e-01  9.1748e-02  0.0000e+00  4.5691e-41
   520  9.0819e-01  9.1805e-02  1.1921e-06  4.5691e-41
   540  9.0814e-01  9.1861e-02  0.0000e+00  4.5691e-41
   560  9.0804e-01  9.1961e-02  0.0000e+00  4.5691e-41
   580  9.0795e-01  9.2050e-02  0.0000e+00  4.5691e-41
   600  9.0774e-01  9.2259e-02  5.0068e-06  4.5691e-41
   620  9.0766e-01  9.2344e-02  1.0371e-05  4.5691e-41
   640  9.0755e-01  9.2446e-02  0.0000e+00  4.5691e-41
   660  9.0747e-01  9.2529e-02  5.9605e-06  4.5691e-41
   680  9.0738e-01  9.2616e-02  0.0000e+00  4.5691e-41
   700  9.0733e-01  9.2672e-02  3.1590e-06  4.5691e-41
   720  9.0723e-01  9.2775e-02  2.9206e-06  4.5691e-41
   740  9.0713e-01  9.2868e-02  4.1127e-06  4.5691e-41
   760  9.0704e-01  9.2961e-02  0.0000e+00  4.5691e-41
   780  9.0696e-01  9.3044e-02  0.0000e+00  4.5691e-41
   800  9.0677e-01  9.3226e-02  0.0000e+00  4.5691e-41
   820  9.0672e-01  9.3278e-02  0.0000e+00  4.5691e-41
   840  9.0667e-01  9.3327e-02  3.9935e-06  4.5691e-41
   860  9.0662e-01  9.3378e-02  1.4305e-06  4.5691e-41
   880  9.0654e-01  9.3463e-02  0.0000e+00  4.5691e-41
   900  9.0648e-01  9.3519e-02  0.0000e+00  4.5691e-41
   920  9.0638e-01  9.3616e-02  0.0000e+00  4.5691e-41
   940  9.0630e-01  9.3699e-02  4.7684e-07  4.5691e-41
   960  9.0625e-01  9.3752e-02  2.0862e-06  4.5691e-41
   980  9.0618e-01  9.3819e-02  0.0000e+00  4.5691e-41
  1000  9.0609e-01  9.3906e-02  8.4043e-06  4.5691e-41
  1020  9.0606e-01  9.3944e-02  0.0000e+00  4.5691e-41
  1040  9.0601e-01  9.3987e-02  1.4186e-05  4.5691e-41
  1060  9.0595e-01  9.4054e-02  2.9206e-06  4.5691e-41
  1080  9.0589e-01  9.4111e-02  5.7817e-06  4.5691e-41
  1100  9.0582e-01  9.4177e-02  1.1802e-05  4.5691e-41
  1120  9.0578e-01  9.4218e-02  1.2875e-05  4.5691e-41
  1140  9.0566e-01  9.4336e-02  2.5034e-06  4.5691e-41
  1160  9.0558e-01  9.4419e-02  0.0000e+00  4.5691e-41
  1180  9.0551e-01  9.4489e-02  0.0000e+00  4.5691e-41
  1200  9.0542e-01  9.4585e-02  0.0000e+00  4.5691e-41
  1220  9.0535e-01  9.4649e-02  0.0000e+00  4.5691e-41
  1240  9.0530e-01  9.4697e-02  1.5438e-05  4.5691e-41
  1260  9.0523e-01  9.4771e-02  1.1921e-06  4.5691e-41
  1280  9.0517e-01  9.4833e-02  9.0599e-06  4.5691e-41
  1300  9.0510e-01  9.4902e-02  2.5630e-06  4.5691e-41
  1320  9.0504e-01  9.4960e-02  7.3314e-06  4.5691e-41
  1340  9.0496e-01  9.5039e-02  0.0000e+00  4.5691e-41
  1360  9.0491e-01  9.5086e-02  1.3471e-05  4.5691e-41
  1380  9.0484e-01  9.5155e-02  0.0000e+00  4.5691e-41
  1400  9.0477e-01  9.5230e-02  0.0000e+00  4.5691e-41
  1420  9.0472e-01  9.5278e-02  0.0000e+00  4.5691e-41
  1440  9.0464e-01  9.5365e-02  0.0000e+00  4.5691e-41
  1460  9.0454e-01  9.5464e-02  0.0000e+00  4.5691e-41
  1480  9.0448e-01  9.5518e-02  0.0000e+00  4.5691e-41
  1500  9.0438e-01  9.5624e-02  0.0000e+00  4.5691e-41
  1520  9.0430e-01  9.5702e-02  1.3113e-05  4.5691e-41
  1540  9.0425e-01  9.5747e-02  6.7353e-06  4.5691e-41
  1560  9.0412e-01  9.5879e-02  0.0000e+00  4.5691e-41
  1580  9.0402e-01  9.5982e-02  0.0000e+00  4.5691e-41
  1600  9.0396e-01  9.6041e-02  0.0000e+00  4.5691e-41
  1620  9.0390e-01  9.6098e-02  0.0000e+00  4.5691e-41
  1640  9.0383e-01  9.6175e-02  0.0000e+00  4.5691e-41
  1660  9.0379e-01  9.6213e-02  9.7752e-06  4.5691e-41
  1680  9.0375e-01  9.6255e-02  0.0000e+00  4.5691e-41
  1700  9.0369e-01  9.6314e-02  7.8678e-06  4.5691e-41
  1720  9.0362e-01  9.6377e-02  0.0000e+00  4.5691e-41
  1740  9.0357e-01  9.6426e-02  0.0000e+00  4.5691e-41
  1760  9.0350e-01  9.6503e-02  0.0000e+00  4.5691e-41
  1780  9.0346e-01  9.6541e-02  1.0729e-06  4.5691e-41
  1800  9.0329e-01  9.6714e-02  0.0000e+00  4.5691e-41
  1820  9.0323e-01  9.6775e-02  0.0000e+00  4.5691e-41
  1840  9.0314e-01  9.6862e-02  0.0000e+00  4.5691e-41
  1860  9.0305e-01  9.6951e-02  0.0000e+00  4.5691e-41
  1880  9.0297e-01  9.7034e-02  0.0000e+00  4.5691e-41
  1900  9.0291e-01  9.7085e-02  1.9848e-05  4.5691e-41
  1920  9.0286e-01  9.7140e-02  9.6560e-06  4.5691e-41
  1940  9.0278e-01  9.7221e-02  0.0000e+00  4.5691e-41
  1960  9.0274e-01  9.7256e-02  0.0000e+00  4.5691e-41
  1980  9.0268e-01  9.7323e-02  3.6955e-06  4.5691e-41
  2000  9.0264e-01  9.7364e-02  1.0490e-05  4.5691e-41
  2020  9.0260e-01  9.7400e-02  3.3975e-06  8.6100e-03
  2040  9.0254e-01  9.7455e-02  0.0000e+00  8.2324e-03
  2060  9.0246e-01  9.7537e-02  0.0000e+00  7.8558e-03
  2080  9.0240e-01  9.7597e-02  0.0000e+00  7.4798e-03
  2100  9.0235e-01  9.7648e-02  3.5763e-06  7.1058e-03
  2120  9.0229e-01  9.7710e-02  0.0000e+00  6.7329e-03
  2140  9.0224e-01  9.7758e-02  7.9274e-06  6.3611e-03
  2160  9.0220e-01  9.7801e-02  6.1393e-06  5.9879e-03
  2180  9.0216e-01  9.7845e-02  2.9802e-06  5.6158e-03
  2200  9.0208e-01  9.7921e-02  0.0000e+00  5.2426e-03
  2220  9.0203e-01  9.7967e-02  2.0862e-06  5.0721e-03
  2240  9.0199e-01  9.8014e-02  2.3842e-07  4.9025e-03
  2260  9.0192e-01  9.8077e-02  0.0000e+00  4.7330e-03
  2280  9.0186e-01  9.8138e-02  0.0000e+00  4.5645e-03
  2300  9.0179e-01  9.8210e-02  0.0000e+00  4.3967e-03
  2320  9.0176e-01  9.8245e-02  1.2517e-06  4.2289e-03
  2340  9.0169e-01  9.8312e-02  5.9605e-08  4.0608e-03
  2360  9.0163e-01  9.8365e-02  2.0266e-06  3.8927e-03
  2380  9.0160e-01  9.8400e-02  3.1590e-06  3.7246e-03
  2400  9.0156e-01  9.8444e-02  0.0000e+00  3.5564e-03
  2420  9.0152e-01  9.8479e-02  0.0000e+00  3.5437e-03
  2440  9.0144e-01  9.8560e-02  0.0000e+00  3.5305e-03
  2460  9.0142e-01  9.8578e-02  5.3644e-06  3.5172e-03
  2480  9.0138e-01  9.8624e-02  5.9605e-06  3.5017e-03
  2500  9.0135e-01  9.8655e-02  2.7418e-06  3.4859e-03
  2520  9.0131e-01  9.8691e-02  5.4240e-06  3.4686e-03
  2540  9.0125e-01  9.8749e-02  0.0000e+00  3.4505e-03
  2560  9.0120e-01  9.8801e-02  0.0000e+00  3.4315e-03
  2580  9.0115e-01  9.8849e-02  4.4107e-06  3.4108e-03
  2600  9.0110e-01  9.8902e-02  3.9339e-06  3.3894e-03
  2620  9.0106e-01  9.8943e-02  0.0000e+00  3.3715e-03
  2640  9.0102e-01  9.8980e-02  2.3842e-07  3.3528e-03
  2660  9.0099e-01  9.9006e-02  4.2319e-06  3.3349e-03
  2680  9.0096e-01  9.9037e-02  3.8147e-06  3.3175e-03
  2700  9.0090e-01  9.9103e-02  0.0000e+00  3.3008e-03
  2720  9.0087e-01  9.9131e-02  7.1526e-07  3.2840e-03
  2740  9.0083e-01  9.9173e-02  0.0000e+00  3.2673e-03
  2760  9.0078e-01  9.9222e-02  0.0000e+00  3.2517e-03
  2780  9.0072e-01  9.9282e-02  0.0000e+00  3.2360e-03
  2800  9.0048e-01  9.9518e-02  0.0000e+00  3.2215e-03
  2820  9.0043e-01  9.9572e-02  5.4240e-06  3.2080e-03
  2840  9.0037e-01  9.9625e-02  1.0729e-06  3.1933e-03
  2860  9.0035e-01  9.9647e-02  2.9802e-07  3.1772e-03
  2880  9.0034e-01  9.9663e-02  5.1856e-06  3.1589e-03
  2900  9.0029e-01  9.9707e-02  7.0333e-06  3.1399e-03
  2920  9.0025e-01  9.9749e-02  0.0000e+00  3.1210e-03
  2940  9.0021e-01  9.9795e-02  0.0000e+00  3.1021e-03
  2960  9.0015e-01  9.9850e-02  0.0000e+00  3.0831e-03
  2980  9.0012e-01  9.9885e-02  6.3181e-06  3.0640e-03
  3000  9.0007e-01  9.9925e-02  0.0000e+00  3.0460e-03
  3020  9.0004e-01  9.9961e-02  6.5565e-06  3.0282e-03
  3040  9.0001e-01  9.9987e-02  1.7881e-07  3.0096e-03
  3060  8.9996e-01  1.0004e-01  4.1723e-06  2.9907e-03
  3080  8.9993e-01  1.0007e-01  1.0431e-05  2.9715e-03
  3100  8.9989e-01  1.0011e-01  7.5698e-06  2.9511e-03
  3120  8.9985e-01  1.0015e-01  0.0000e+00  2.9302e-03
  3140  8.9981e-01  1.0019e-01  0.0000e+00  2.9095e-03
  3160  8.9979e-01  1.0021e-01  0.0000e+00  2.8896e-03
  3180  8.9975e-01  1.0025e-01  5.9605e-07  2.8697e-03
  3200  8.9972e-01  1.0028e-01  1.7881e-06  2.8507e-03
  3220  8.9969e-01  1.0031e-01  0.0000e+00  2.8309e-03
  3240  8.9964e-01  1.0036e-01  1.7285e-06  2.8110e-03
  3260  8.9960e-01  1.0040e-01  0.0000e+00  2.7909e-03
  3280  8.9954e-01  1.0046e-01  0.0000e+00  2.7711e-03
  3300  8.9949e-01  1.0051e-01  8.9407e-07  2.7517e-03
  3320  8.9947e-01  1.0053e-01  0.0000e+00  2.7322e-03
  3340  8.9946e-01  1.0054e-01  4.4107e-06  2.7117e-03
  3360  8.9943e-01  1.0057e-01  1.6689e-06  2.6903e-03
  3380  8.9942e-01  1.0058e-01  1.1921e-06  2.6689e-03
  3400  8.9938e-01  1.0062e-01  7.6890e-06  2.6481e-03
  3420  8.9937e-01  1.0063e-01  7.1526e-07  2.6266e-03
  3440  8.9935e-01  1.0065e-01  3.6359e-06  2.6047e-03
  3460  8.9934e-01  1.0066e-01  6.0797e-06  2.5830e-03
  3480  8.9931e-01  1.0069e-01  3.8147e-06  2.5628e-03
  3500  8.9928e-01  1.0072e-01  0.0000e+00  2.5427e-03
  3520  8.9926e-01  1.0074e-01  0.0000e+00  2.5237e-03
  3540  8.9922e-01  1.0078e-01  0.0000e+00  2.5046e-03
  3560  8.9920e-01  1.0080e-01  4.5300e-06  2.4857e-03
  3580  8.9917e-01  1.0083e-01  0.0000e+00  2.4675e-03
  3600  8.9903e-01  1.0097e-01  0.0000e+00  2.4496e-03
  3620  8.9899e-01  1.0101e-01  0.0000e+00  2.4341e-03
  3640  8.9894e-01  1.0106e-01  0.0000e+00  2.4194e-03
  3660  8.9891e-01  1.0109e-01  0.0000e+00  2.4051e-03
  3680  8.9888e-01  1.0112e-01  5.9605e-08  2.3908e-03
  3700  8.9885e-01  1.0115e-01  0.0000e+00  2.3764e-03
  3720  8.9882e-01  1.0118e-01  0.0000e+00  2.3613e-03
  3740  8.9879e-01  1.0121e-01  1.4305e-06  2.3473e-03
  3760  8.9877e-01  1.0123e-01  0.0000e+00  2.3330e-03
  3780  8.9874e-01  1.0126e-01  0.0000e+00  2.3181e-03
  3800  8.9872e-01  1.0128e-01  0.0000e+00  2.3026e-03
  3820  8.9870e-01  1.0130e-01  5.9009e-06  2.2817e-03
  3840  8.9867e-01  1.0133e-01  0.0000e+00  2.2607e-03
  3860  8.9865e-01  1.0135e-01  0.0000e+00  2.2408e-03
  3880  8.9861e-01  1.0139e-01  5.4836e-06  2.2221e-03
  3900  8.9859e-01  1.0141e-01  0.0000e+00  2.2042e-03
  3920  8.9855e-01  1.0145e-01  3.3379e-06  2.1864e-03
  3940  8.9853e-01  1.0147e-01  1.7285e-06  2.1690e-03
  3960  8.9851e-01  1.0149e-01  3.3975e-06  2.1511e-03
  3980  8.9850e-01  1.0150e-01  1.3709e-06  2.1322e-03
  4000  8.9847e-01  1.0153e-01  6.2585e-06  2.1131e-03
  4020  8.9845e-01  1.0155e-01  4.3511e-06  2.0940e-03
  4040  8.9842e-01  1.0158e-01  4.7684e-07  2.0755e-03
  4060  8.9840e-01  1.0160e-01  0.0000e+00  2.0566e-03
  4080  8.9838e-01  1.0162e-01  4.8876e-06  2.0376e-03
  4100  8.9836e-01  1.0164e-01  0.0000e+00  2.0195e-03
  4120  8.9834e-01  1.0166e-01  4.7088e-06  2.0012e-03
  4140  8.9832e-01  1.0168e-01  0.0000e+00  1.9822e-03
  4160  8.9830e-01  1.0170e-01  3.7551e-06  1.9638e-03
  4180  8.9827e-01  1.0173e-01  3.7551e-06  1.9457e-03
  4200  8.9824e-01  1.0176e-01  0.0000e+00  1.9278e-03
  4220  8.9823e-01  1.0177e-01  2.5034e-06  1.9106e-03
  4240  8.9821e-01  1.0179e-01  2.2650e-06  1.8924e-03
  4260  8.9818e-01  1.0182e-01  0.0000e+00  1.8745e-03
  4280  8.9817e-01  1.0183e-01  0.0000e+00  1.8560e-03
  4300  8.9815e-01  1.0185e-01  2.3246e-06  1.8367e-03
  4320  8.9812e-01  1.0188e-01  5.3644e-07  1.8181e-03
  4340  8.9811e-01  1.0189e-01  3.2783e-06  1.8004e-03
  4360  8.9808e-01  1.0192e-01  0.0000e+00  1.7836e-03
  4380  8.9806e-01  1.0194e-01  0.0000e+00  1.7664e-03
  4400  8.9804e-01  1.0196e-01  1.0133e-06  1.7503e-03
  4420  8.9802e-01  1.0198e-01  0.0000e+00  1.7348e-03
  4440  8.9798e-01  1.0202e-01  4.2319e-06  1.7199e-03
  4460  8.9797e-01  1.0203e-01  0.0000e+00  1.7056e-03
  4480  8.9795e-01  1.0205e-01  0.0000e+00  1.6913e-03
  4500  8.9793e-01  1.0207e-01  0.0000e+00  1.6771e-03
  4520  8.9792e-01  1.0208e-01  0.0000e+00  1.6633e-03
  4540  8.9790e-01  1.0210e-01  1.7881e-07  1.6491e-03
  4560  8.9789e-01  1.0211e-01  0.0000e+00  1.6349e-03
  4580  8.9787e-01  1.0213e-01  1.6093e-06  1.6215e-03
  4600  8.9786e-01  1.0214e-01  1.7881e-07  1.6084e-03
  4620  8.9785e-01  1.0215e-01  2.6822e-06  1.5896e-03
  4640  8.9784e-01  1.0216e-01  0.0000e+00  1.5705e-03
  4660  8.9783e-01  1.0217e-01  0.0000e+00  1.5503e-03
  4680  8.9781e-01  1.0219e-01  0.0000e+00  1.5300e-03
  4700  8.9780e-01  1.0220e-01  0.0000e+00  1.5099e-03
  4720  8.9778e-01  1.0222e-01  2.2650e-06  1.4899e-03
  4740  8.9777e-01  1.0223e-01  1.3113e-06  1.4694e-03
  4760  8.9776e-01  1.0224e-01  4.7684e-07  1.4491e-03
  4780  8.9774e-01  1.0226e-01  1.3709e-06  1.4294e-03
  4800  8.9773e-01  1.0227e-01  1.3709e-06  1.4103e-03
  4820  8.9772e-01  1.0228e-01  0.0000e+00  1.3953e-03
  4840  8.9770e-01  1.0230e-01  0.0000e+00  1.3800e-03
  4860  8.9768e-01  1.0232e-01  0.0000e+00  1.3645e-03
  4880  8.9767e-01  1.0233e-01  9.5367e-07  1.3490e-03
  4900  8.9766e-01  1.0234e-01  1.0729e-06  1.3335e-03
  4920  8.9765e-01  1.0235e-01  0.0000e+00  1.3170e-03
  4940  8.9763e-01  1.0237e-01  0.0000e+00  1.3007e-03
  4960  8.9762e-01  1.0238e-01  1.7881e-06  1.2852e-03
  4980  8.9760e-01  1.0240e-01  1.7881e-07  1.2707e-03
  5000  8.9759e-01  1.0241e-01  0.0000e+00  1.2563e-03
  5020  8.9757e-01  1.0243e-01  0.0000e+00  1.2420e-03
  5040  8.9756e-01  1.0244e-01  0.0000e+00  1.2273e-03
  5060  8.9755e-01  1.0245e-01  0.0000e+00  1.2127e-03
  5080  8.9754e-01  1.0246e-01  0.0000e+00  1.1984e-03
  5100  8.9753e-01  1.0247e-01  0.0000e+00  1.1840e-03
  5120  8.9751e-01  1.0249e-01  1.9670e-06  1.1702e-03
  5140  8.9749e-01  1.0251e-01  0.0000e+00  1.1570e-03
  5160  8.9747e-01  1.0253e-01  0.0000e+00  1.1439e-03
  5180  8.9746e-01  1.0254e-01  1.2517e-06  1.1308e-03
  5200  8.9745e-01  1.0255e-01  0.0000e+00  1.1166e-03
  5220  8.9744e-01  1.0256e-01  2.8014e-06  1.1023e-03
  5240  8.9742e-01  1.0258e-01  0.0000e+00  1.0892e-03
  5260  8.9741e-01  1.0259e-01  1.6093e-06  1.0760e-03
  5280  8.9741e-01  1.0259e-01  0.0000e+00  1.0635e-03
  5300  8.9740e-01  1.0260e-01  5.9605e-08  1.0519e-03
  5320  8.9738e-01  1.0262e-01  0.0000e+00  1.0394e-03
  5340  8.9737e-01  1.0263e-01  2.9802e-07  1.0263e-03
  5360  8.9736e-01  1.0264e-01  1.1921e-06  1.0132e-03
  5380  8.9735e-01  1.0265e-01  0.0000e+00  1.0006e-03
  5400  8.9734e-01  1.0266e-01  2.3842e-06  9.8747e-04
  5420  8.9733e-01  1.0267e-01  0.0000e+00  9.7406e-04
  5440  8.9732e-01  1.0268e-01  2.3842e-07  9.5981e-04
  5460  8.9731e-01  1.0269e-01  1.0729e-06  9.4551e-04
  5480  8.9730e-01  1.0270e-01  0.0000e+00  9.3120e-04
  5500  8.9729e-01  1.0271e-01  1.1921e-07  9.1690e-04
  5520  8.9728e-01  1.0272e-01  0.0000e+00  9.0259e-04
  5540  8.9727e-01  1.0273e-01  7.1526e-07  8.8936e-04
  5560  8.9726e-01  1.0274e-01  1.2517e-06  8.7625e-04
  5580  8.9724e-01  1.0276e-01  0.0000e+00  8.6313e-04
  5600  8.9723e-01  1.0277e-01  0.0000e+00  8.4996e-04
  5620  8.9722e-01  1.0278e-01  4.1723e-07  8.3995e-04
  5640  8.9721e-01  1.0279e-01  1.2517e-06  8.2922e-04
  5660  8.9720e-01  1.0280e-01  0.0000e+00  8.1980e-04
  5680  8.9720e-01  1.0280e-01  2.2650e-06  8.1027e-04
  5700  8.9719e-01  1.0281e-01  0.0000e+00  8.0073e-04
  5720  8.9718e-01  1.0282e-01  1.0133e-06  7.9203e-04
  5740  8.9717e-01  1.0283e-01  0.0000e+00  7.8368e-04
  5760  8.9717e-01  1.0283e-01  0.0000e+00  7.7534e-04
  5780  8.9716e-01  1.0284e-01  0.0000e+00  7.6699e-04
  5800  8.9715e-01  1.0285e-01  0.0000e+00  7.5865e-04
  5820  8.9714e-01  1.0286e-01  0.0000e+00  7.5048e-04
  5840  8.9713e-01  1.0287e-01  0.0000e+00  7.4309e-04
  5860  8.9712e-01  1.0288e-01  0.0000e+00  7.3540e-04
  5880  8.9710e-01  1.0290e-01  1.2517e-06  7.2759e-04
  5900  8.9710e-01  1.0290e-01  0.0000e+00  7.1990e-04
  5920  8.9709e-01  1.0291e-01  0.0000e+00  7.1257e-04
  5940  8.9708e-01  1.0292e-01  8.9407e-07  7.0542e-04
  5960  8.9708e-01  1.0292e-01  0.0000e+00  6.9827e-04
  5980  8.9707e-01  1.0293e-01  0.0000e+00  6.9112e-04
  6000  8.9706e-01  1.0294e-01  1.7285e-06  6.8396e-04
  6020  8.9705e-01  1.0295e-01  0.0000e+00  6.7681e-04
  6040  8.9705e-01  1.0295e-01  0.0000e+00  6.7008e-04
  6060  8.9704e-01  1.0296e-01  2.3246e-06  6.6358e-04
  6080  8.9704e-01  1.0296e-01  0.0000e+00  6.5666e-04
  6100  8.9703e-01  1.0297e-01  7.1526e-07  6.4951e-04
  6120  8.9703e-01  1.0297e-01  9.5367e-07  6.4236e-04
  6140  8.9702e-01  1.0298e-01  0.0000e+00  6.3521e-04
  6160  8.9701e-01  1.0299e-01  5.9605e-08  6.2805e-04
  6180  8.9700e-01  1.0300e-01  2.9802e-07  6.2090e-04
  6200  8.9699e-01  1.0301e-01  0.0000e+00  6.1482e-04
  6220  8.9698e-01  1.0302e-01  0.0000e+00  6.0886e-04
  6240  8.9698e-01  1.0302e-01  7.7486e-07  6.0290e-04
  6260  8.9697e-01  1.0303e-01  8.9407e-07  5.9587e-04
  6280  8.9696e-01  1.0304e-01  0.0000e+00  5.8883e-04
  6300  8.9696e-01  1.0304e-01  4.7684e-07  5.8168e-04
  6320  8.9695e-01  1.0305e-01  0.0000e+00  5.7513e-04
  6340  8.9694e-01  1.0306e-01  0.0000e+00  5.6916e-04
  6360  8.9693e-01  1.0307e-01  0.0000e+00  5.6320e-04
  6380  8.9693e-01  1.0307e-01  2.9802e-07  5.5724e-04
  6400  8.9692e-01  1.0308e-01  0.0000e+00  5.5128e-04
  6420  8.9691e-01  1.0309e-01  0.0000e+00  5.4562e-04
  6440  8.9691e-01  1.0309e-01  4.7684e-07  5.4079e-04
  6460  8.9690e-01  1.0310e-01  9.5367e-07  5.3602e-04
  6480  8.9690e-01  1.0310e-01  1.0133e-06  5.3126e-04
  6500  8.9689e-01  1.0311e-01  4.7684e-07  5.2649e-04
  6520  8.9688e-01  1.0312e-01  1.1921e-07  5.2172e-04
  6540  8.9687e-01  1.0313e-01  0.0000e+00  5.1695e-04
  6560  8.9686e-01  1.0314e-01  0.0000e+00  5.1218e-04
  6580  8.9686e-01  1.0314e-01  0.0000e+00  5.0706e-04
  6600  8.9680e-01  1.0320e-01  0.0000e+00  5.0128e-04
  6620  8.9678e-01  1.0322e-01  0.0000e+00  4.9675e-04
  6640  8.9677e-01  1.0323e-01  2.9802e-07  4.9317e-04
  6660  8.9677e-01  1.0323e-01  0.0000e+00  4.8947e-04
  6680  8.9676e-01  1.0324e-01  0.0000e+00  4.8590e-04
  6700  8.9675e-01  1.0325e-01  0.0000e+00  4.8232e-04
  6720  8.9674e-01  1.0326e-01  1.1921e-06  4.7874e-04
  6740  8.9674e-01  1.0326e-01  1.3113e-06  4.7517e-04
  6760  8.9673e-01  1.0327e-01  3.5763e-07  4.7159e-04
  6780  8.9672e-01  1.0328e-01  0.0000e+00  4.6802e-04
  6800  8.9672e-01  1.0328e-01  0.0000e+00  4.6444e-04
  6820  8.9671e-01  1.0329e-01  4.7684e-07  4.6086e-04
  6840  8.9670e-01  1.0330e-01  1.1921e-06  4.5729e-04
  6860  8.9670e-01  1.0330e-01  1.1921e-07  4.5425e-04
  6880  8.9669e-01  1.0331e-01  0.0000e+00  4.5133e-04
  6900  8.9669e-01  1.0331e-01  0.0000e+00  4.4829e-04
  6920  8.9668e-01  1.0332e-01  0.0000e+00  4.4590e-04
  6940  8.9668e-01  1.0332e-01  0.0000e+00  4.4352e-04
  6960  8.9668e-01  1.0332e-01  1.2517e-06  4.4113e-04
  6980  8.9667e-01  1.0333e-01  0.0000e+00  4.3875e-04
  7000  8.9666e-01  1.0334e-01  0.0000e+00  4.3637e-04
  7020  8.9666e-01  1.0334e-01  5.9605e-07  4.3398e-04
  7040  8.9665e-01  1.0335e-01  0.0000e+00  4.3160e-04
  7060  8.9665e-01  1.0335e-01  0.0000e+00  4.2963e-04
  7080  8.9664e-01  1.0336e-01  1.6093e-06  4.2820e-04
  7100  8.9663e-01  1.0337e-01  1.3113e-06  4.2701e-04
  7120  8.9663e-01  1.0337e-01  4.1723e-07  4.2582e-04
  7140  8.9662e-01  1.0338e-01  1.1921e-07  4.2462e-04
  7160  8.9661e-01  1.0339e-01  0.0000e+00  4.2343e-04
  7180  8.9661e-01  1.0339e-01  5.9605e-07  4.2224e-04
  7200  8.9661e-01  1.0339e-01  0.0000e+00  4.2105e-04
  7220  8.9660e-01  1.0340e-01  1.0133e-06  4.1890e-04
  7240  8.9660e-01  1.0340e-01  1.7285e-06  4.1652e-04
  7260  8.9659e-01  1.0341e-01  1.7881e-07  4.1521e-04
  7280  8.9659e-01  1.0341e-01  0.0000e+00  4.1389e-04
  7300  8.9658e-01  1.0342e-01  0.0000e+00  4.1270e-04
  7320  8.9658e-01  1.0342e-01  1.0729e-06  4.1151e-04
  7340  8.9657e-01  1.0343e-01  0.0000e+00  4.1032e-04
  7360  8.9656e-01  1.0344e-01  1.1921e-06  4.0913e-04
  7380  8.9655e-01  1.0345e-01  0.0000e+00  4.0793e-04
  7400  8.9655e-01  1.0345e-01  5.9605e-08  4.0674e-04
  7420  8.9654e-01  1.0346e-01  0.0000e+00  4.0555e-04
  7440  8.9654e-01  1.0346e-01  0.0000e+00  4.0436e-04
  7460  8.9654e-01  1.0346e-01  1.1921e-07  4.0317e-04
  7480  8.9653e-01  1.0347e-01  1.6689e-06  4.0197e-04
  7500  8.9653e-01  1.0347e-01  0.0000e+00  4.0078e-04
  7520  8.9653e-01  1.0347e-01  1.0133e-06  3.9959e-04
  7540  8.9652e-01  1.0348e-01  0.0000e+00  3.9840e-04
  7560  8.9652e-01  1.0348e-01  1.7881e-07  3.9721e-04
  7580  8.9651e-01  1.0349e-01  5.9605e-08  3.9637e-04
  7600  8.9651e-01  1.0349e-01  0.0000e+00  3.9625e-04
  7620  8.9650e-01  1.0350e-01  0.0000e+00  3.9387e-04
  7640  8.9650e-01  1.0350e-01  0.0000e+00  3.9148e-04
  7660  8.9649e-01  1.0351e-01  0.0000e+00  3.8910e-04
  7680  8.9649e-01  1.0351e-01  0.0000e+00  3.8671e-04
  7700  8.9648e-01  1.0352e-01  3.5763e-07  3.8433e-04
  7720  8.9648e-01  1.0352e-01  1.7881e-07  3.8105e-04
  7740  8.9647e-01  1.0353e-01  0.0000e+00  3.7748e-04
  7760  8.9647e-01  1.0353e-01  2.3842e-07  3.7390e-04
  7780  8.9646e-01  1.0354e-01  0.0000e+00  3.7032e-04
  7800  8.9646e-01  1.0354e-01  1.1921e-07  3.6675e-04
  7820  8.9645e-01  1.0355e-01  0.0000e+00  3.6317e-04
  7840  8.9645e-01  1.0355e-01  1.7881e-07  3.5959e-04
  7860  8.9645e-01  1.0355e-01  0.0000e+00  3.5602e-04
  7880  8.9644e-01  1.0356e-01  0.0000e+00  3.5244e-04
  7900  8.9644e-01  1.0356e-01  8.3447e-07  3.4887e-04
  7920  8.9643e-01  1.0357e-01  2.3842e-07  3.4529e-04
  7940  8.9643e-01  1.0357e-01  0.0000e+00  3.4171e-04
  7960  8.9643e-01  1.0357e-01  0.0000e+00  3.3814e-04
  7980  8.9642e-01  1.0358e-01  0.0000e+00  3.3456e-04
  8000  8.9642e-01  1.0358e-01  1.0133e-06  3.3098e-04
  8020  8.9641e-01  1.0359e-01  8.9407e-07  3.2741e-04
  8040  8.9641e-01  1.0359e-01  4.7684e-07  3.2383e-04
  8060  8.9641e-01  1.0359e-01  0.0000e+00  3.2026e-04
  8080  8.9640e-01  1.0360e-01  4.7684e-07  3.1668e-04
  8100  8.9640e-01  1.0360e-01  5.9605e-07  3.1310e-04
  8120  8.9640e-01  1.0360e-01  0.0000e+00  3.0953e-04
  8140  8.9639e-01  1.0361e-01  0.0000e+00  3.0595e-04
  8160  8.9639e-01  1.0361e-01  0.0000e+00  3.0237e-04
  8180  8.9639e-01  1.0361e-01  0.0000e+00  2.9880e-04
  8200  8.9638e-01  1.0362e-01  0.0000e+00  2.9522e-04
  8220  8.9638e-01  1.0362e-01  4.1723e-07  2.9260e-04
  8240  8.9638e-01  1.0362e-01  1.1325e-06  2.9022e-04
  8260  8.9637e-01  1.0363e-01  1.1921e-07  2.8783e-04
  8280  8.9637e-01  1.0363e-01  2.9802e-07  2.8545e-04
  8300  8.9637e-01  1.0363e-01  0.0000e+00  2.8306e-04
  8320  8.9636e-01  1.0364e-01  0.0000e+00  2.8068e-04
  8340  8.9636e-01  1.0364e-01  1.7881e-07  2.7734e-04
  8360  8.9636e-01  1.0364e-01  0.0000e+00  2.7376e-04
  8380  8.9636e-01  1.0364e-01  7.7486e-07  2.7019e-04
  8400  8.9636e-01  1.0364e-01  0.0000e+00  2.6661e-04
  8420  8.9635e-01  1.0365e-01  0.0000e+00  2.6304e-04
  8440  8.9635e-01  1.0365e-01  5.3644e-07  2.5946e-04
  8460  8.9635e-01  1.0365e-01  8.9407e-07  2.5588e-04
  8480  8.9635e-01  1.0365e-01  2.3842e-07  2.5231e-04
  8500  8.9634e-01  1.0366e-01  0.0000e+00  2.4873e-04
  8520  8.9634e-01  1.0366e-01  0.0000e+00  2.4515e-04
  8540  8.9634e-01  1.0366e-01  7.7486e-07  2.4158e-04
  8560  8.9634e-01  1.0366e-01  0.0000e+00  2.3800e-04
  8580  8.9633e-01  1.0367e-01  3.5763e-07  2.3443e-04
  8600  8.9633e-01  1.0367e-01  0.0000e+00  2.3085e-04
  8620  8.9633e-01  1.0367e-01  0.0000e+00  2.2846e-04
  8640  8.9632e-01  1.0368e-01  1.0133e-06  2.2608e-04
  8660  8.9632e-01  1.0368e-01  2.3842e-07  2.2370e-04
  8680  8.9632e-01  1.0368e-01  0.0000e+00  2.2131e-04
  8700  8.9631e-01  1.0369e-01  2.3842e-07  2.1893e-04
  8720  8.9631e-01  1.0369e-01  3.5763e-07  2.1744e-04
  8740  8.9631e-01  1.0369e-01  0.0000e+00  2.1625e-04
  8760  8.9631e-01  1.0369e-01  0.0000e+00  2.1505e-04
  8780  8.9631e-01  1.0369e-01  0.0000e+00  2.1386e-04
  8800  8.9630e-01  1.0370e-01  5.9605e-07  2.1267e-04
  8820  8.9630e-01  1.0370e-01  2.3842e-07  2.1148e-04
  8840  8.9630e-01  1.0370e-01  1.1921e-07  2.1029e-04
  8860  8.9629e-01  1.0371e-01  0.0000e+00  2.0909e-04
  8880  8.9629e-01  1.0371e-01  0.0000e+00  2.0790e-04
  8900  8.9629e-01  1.0371e-01  0.0000e+00  2.0671e-04
  8920  8.9628e-01  1.0372e-01  0.0000e+00  2.0504e-04
  8940  8.9628e-01  1.0372e-01  1.7881e-07  2.0301e-04
  8960  8.9628e-01  1.0372e-01  3.5763e-07  2.0063e-04
  8980  8.9628e-01  1.0372e-01  0.0000e+00  1.9825e-04
  9000  8.9627e-01  1.0373e-01  3.5763e-07  1.9586e-04
  9020  8.9627e-01  1.0373e-01  5.3644e-07  1.9348e-04
  9040  8.9627e-01  1.0373e-01  0.0000e+00  1.9109e-04
  9060  8.9627e-01  1.0373e-01  1.1921e-07  1.8871e-04
  9080  8.9626e-01  1.0374e-01  2.3842e-07  1.8632e-04
  9100  8.9626e-01  1.0374e-01  4.1723e-07  1.8394e-04
  9120  8.9626e-01  1.0374e-01  0.0000e+00  1.8156e-04
  9140  8.9626e-01  1.0374e-01  1.1921e-07  1.7917e-04
  9160  8.9626e-01  1.0374e-01  2.9802e-07  1.7679e-04
  9180  8.9625e-01  1.0375e-01  0.0000e+00  1.7440e-04
  9200  8.9625e-01  1.0375e-01  0.0000e+00  1.7202e-04
  9220  8.9625e-01  1.0375e-01  1.1921e-07  1.6963e-04
  9240  8.9625e-01  1.0375e-01  4.7684e-07  1.6725e-04
  9260  8.9625e-01  1.0375e-01  1.7881e-07  1.6487e-04
  9280  8.9624e-01  1.0376e-01  0.0000e+00  1.6248e-04
  9300  8.9624e-01  1.0376e-01  0.0000e+00  1.6010e-04
  9320  8.9624e-01  1.0376e-01  0.0000e+00  1.5771e-04
  9340  8.9624e-01  1.0376e-01  3.5763e-07  1.5628e-04
  9360  8.9624e-01  1.0376e-01  0.0000e+00  1.5509e-04
  9380  8.9623e-01  1.0377e-01  5.9605e-08  1.5390e-04
  9400  8.9623e-01  1.0377e-01  1.7881e-07  1.5271e-04
  9420  8.9623e-01  1.0377e-01  6.5565e-07  1.5152e-04
  9440  8.9623e-01  1.0377e-01  2.3842e-07  1.5032e-04
  9460  8.9623e-01  1.0377e-01  5.9605e-07  1.4913e-04
  9480  8.9622e-01  1.0378e-01  0.0000e+00  1.4794e-04
  9500  8.9622e-01  1.0378e-01  5.9605e-08  1.4675e-04
  9520  8.9622e-01  1.0378e-01  0.0000e+00  1.4555e-04
  9540  8.9622e-01  1.0378e-01  5.9605e-08  1.4436e-04
  9560  8.9621e-01  1.0379e-01  0.0000e+00  1.4317e-04
  9580  8.9621e-01  1.0379e-01  0.0000e+00  1.4198e-04
  9600  8.9621e-01  1.0379e-01  0.0000e+00  1.4079e-04
  9620  8.9621e-01  1.0379e-01  2.3842e-07  1.3959e-04
  9640  8.9621e-01  1.0379e-01  5.3644e-07  1.3840e-04
  9660  8.9620e-01  1.0380e-01  0.0000e+00  1.3721e-04
  9680  8.9620e-01  1.0380e-01  0.0000e+00  1.3602e-04
  9700  8.9620e-01  1.0380e-01  0.0000e+00  1.3483e-04
  9720  8.9620e-01  1.0380e-01  0.0000e+00  1.3363e-04
  9740  8.9620e-01  1.0380e-01  0.0000e+00  1.3244e-04
  9760  8.9620e-01  1.0380e-01  0.0000e+00  1.3125e-04
  9780  8.9619e-01  1.0381e-01  0.0000e+00  1.3006e-04
  9800  8.9619e-01  1.0381e-01  5.9605e-08  1.2887e-04
  9820  8.9619e-01  1.0381e-01  0.0000e+00  1.2767e-04
  9840  8.9619e-01  1.0381e-01  7.1526e-07  1.2648e-04
  9860  8.9619e-01  1.0381e-01  0.0000e+00  1.2529e-04
  9880  8.9619e-01  1.0381e-01  1.7881e-07  1.2410e-04
  9900  8.9619e-01  1.0381e-01  0.0000e+00  1.2290e-04
  9920  8.9618e-01  1.0382e-01  0.0000e+00  1.2219e-04
  9940  8.9618e-01  1.0382e-01  0.0000e+00  1.2183e-04
  9960  8.9618e-01  1.0382e-01  3.5763e-07  1.2183e-04
  9980  8.9618e-01  1.0382e-01  0.0000e+00  1.2183e-04
 10000  8.9618e-01  1.0382e-01  5.9605e-08  1.2183e-04
 10020  8.9617e-01  1.0383e-01  3.5763e-07  1.2183e-04
 10040  8.9617e-01  1.0383e-01  0.0000e+00  1.2183e-04
 10060  8.9617e-01  1.0383e-01  1.7881e-07  1.2183e-04
 10080  8.9617e-01  1.0383e-01  0.0000e+00  1.2183e-04
 10100  8.9617e-01  1.0383e-01  0.0000e+00  1.2183e-04
 10120  8.9617e-01  1.0383e-01  5.9605e-07  1.2183e-04
 10140  8.9616e-01  1.0384e-01  1.7881e-07  1.2183e-04
 10160  8.9616e-01  1.0384e-01  2.3842e-07  1.2183e-04
 10180  8.9616e-01  1.0384e-01  0.0000e+00  1.2183e-04
 10200  8.9616e-01  1.0384e-01  0.0000e+00  1.2183e-04
 10220  8.9616e-01  1.0384e-01  0.0000e+00  1.2183e-04
 10240  8.9615e-01  1.0385e-01  0.0000e+00  1.2183e-04
 10260  8.9615e-01  1.0385e-01  4.7684e-07  1.2183e-04
 10280  8.9615e-01  1.0385e-01  4.1723e-07  1.2183e-04
 10300  8.9615e-01  1.0385e-01  5.9605e-08  1.2183e-04
 10320  8.9614e-01  1.0386e-01  0.0000e+00  1.2183e-04
 10340  8.9614e-01  1.0386e-01  0.0000e+00  1.2183e-04
 10360  8.9614e-01  1.0386e-01  0.0000e+00  1.2183e-04
 10380  8.9614e-01  1.0386e-01  1.1921e-07  1.2183e-04
 10400  8.9614e-01  1.0386e-01  0.0000e+00  1.2183e-04
 10420  8.9614e-01  1.0386e-01  0.0000e+00  1.2183e-04
 10440  8.9614e-01  1.0386e-01  1.1921e-07  1.2183e-04
 10460  8.9613e-01  1.0387e-01  0.0000e+00  1.2183e-04
 10480  8.9613e-01  1.0387e-01  0.0000e+00  1.2183e-04
 10500  8.9613e-01  1.0387e-01  4.1723e-07  1.2076e-04
 10520  8.9613e-01  1.0387e-01  5.9605e-08  1.1957e-04
 10540  8.9613e-01  1.0387e-01  0.0000e+00  1.1837e-04
 10560  8.9613e-01  1.0387e-01  4.1723e-07  1.1718e-04
 10580  8.9613e-01  1.0387e-01  5.9605e-07  1.1599e-04
 10600  8.9613e-01  1.0387e-01  0.0000e+00  1.1480e-04
 10620  8.9612e-01  1.0388e-01  3.5763e-07  1.1361e-04
 10640  8.9612e-01  1.0388e-01  3.5763e-07  1.1241e-04
 10660  8.9612e-01  1.0388e-01  0.0000e+00  1.1122e-04
 10680  8.9612e-01  1.0388e-01  0.0000e+00  1.1003e-04
 10700  8.9612e-01  1.0388e-01  1.7881e-07  1.0884e-04
 10720  8.9612e-01  1.0388e-01  5.9605e-08  1.0765e-04
 10740  8.9612e-01  1.0388e-01  0.0000e+00  1.0645e-04
 10760  8.9611e-01  1.0389e-01  0.0000e+00  1.0526e-04
 10780  8.9611e-01  1.0389e-01  0.0000e+00  1.0407e-04
 10800  8.9611e-01  1.0389e-01  0.0000e+00  1.0288e-04
 10820  8.9611e-01  1.0389e-01  4.7684e-07  1.0169e-04
 10840  8.9611e-01  1.0389e-01  0.0000e+00  1.0049e-04
 10848  8.9611e-01  0.0000e+00  1.0389e-01  2.9802e-07  9.9957e-05
# Std.corr:  FIRST=   0.07150406   LAST=   0.10389107  TIME=  22071 s
