# imodfit> Score file
# Iter       Score cross.corr. Delta_Score D_Score_Avg
     0  9.1400e-01  8.5999e-02
    20  9.1395e-01  8.6050e-02  1.6212e-05  4.5654e-41
    40  9.1387e-01  8.6125e-02  0.0000e+00  4.5654e-41
    60  9.1381e-01  8.6188e-02  8.3447e-06  4.5654e-41
    80  9.1378e-01  8.6220e-02  1.1683e-05  4.5654e-41
   100  9.1371e-01  8.6294e-02  4.1127e-06  4.5654e-41
   120  9.1365e-01  8.6345e-02  9.2983e-06  4.5654e-41
   140  9.1361e-01  8.6388e-02  0.0000e+00  4.5654e-41
   160  9.1355e-01  8.6449e-02  0.0000e+00  4.5654e-41
   180  9.1350e-01  8.6496e-02  3.3975e-06  4.5654e-41
   200  8.9470e-01  1.0530e-01  1.0192e-05  4.5654e-41
   220  8.9466e-01  1.0534e-01  0.0000e+00  4.5654e-41
   240  8.9463e-01  1.0537e-01  1.0610e-05  4.5654e-41
   260  8.9458e-01  1.0542e-01  0.0000e+00  4.5654e-41
   280  8.9455e-01  1.0545e-01  0.0000e+00  4.5654e-41
   300  8.9451e-01  1.0549e-01  5.1260e-06  4.5654e-41
   320  8.9448e-01  1.0552e-01  1.7285e-06  4.5654e-41
   340  8.9445e-01  1.0555e-01  3.9339e-06  4.5654e-41
   360  8.9442e-01  1.0558e-01  0.0000e+00  4.5654e-41
   380  8.9439e-01  1.0561e-01  0.0000e+00  4.5654e-41
   400  8.8785e-01  1.1215e-01  0.0000e+00  4.5654e-41
   420  8.8777e-01  1.1223e-01  0.0000e+00  4.5654e-41
   440  8.8772e-01  1.1228e-01  0.0000e+00  4.5654e-41
   460  8.8767e-01  1.1233e-01  0.0000e+00  4.5654e-41
   480  8.8763e-01  1.1237e-01  0.0000e+00  4.5654e-41
   500  8.8758e-01  1.1242e-01  5.0664e-06  4.5654e-41
   520  8.8755e-01  1.1245e-01  8.1658e-06  4.5654e-41
   540  8.8752e-01  1.1248e-01  0.0000e+00  4.5654e-41
   560  8.8751e-01  1.1249e-01  0.0000e+00  4.5654e-41
   580  8.8749e-01  1.1251e-01  8.9407e-07  4.5654e-41
   600  8.8737e-01  1.1263e-01  0.0000e+00  4.5654e-41
   620  8.8735e-01  1.1265e-01  0.0000e+00  4.5654e-41
   640  8.8733e-01  1.1267e-01  3.5763e-07  4.5654e-41
   660  8.8733e-01  1.1267e-01  0.0000e+00  4.5654e-41
   680  8.8731e-01  1.1269e-01  2.0266e-06  4.5654e-41
   700  8.8730e-01  1.1270e-01  0.0000e+00  4.5654e-41
   720  8.8729e-01  1.1271e-01  2.3246e-06  4.5654e-41
   740  8.8728e-01  1.1272e-01  0.0000e+00  4.5654e-41
   760  8.8727e-01  1.1273e-01  5.9605e-07  4.5654e-41
   780  8.8727e-01  1.1273e-01  4.1723e-07  4.5654e-41
   800  8.8697e-01  1.1303e-01  0.0000e+00  4.5654e-41
   820  8.8697e-01  1.1303e-01  1.2517e-06  4.5654e-41
   840  8.8696e-01  1.1304e-01  4.7684e-07  4.5654e-41
   860  8.8695e-01  1.1305e-01  1.7881e-07  4.5654e-41
   880  8.8695e-01  1.1305e-01  5.3644e-07  4.5654e-41
   900  8.8694e-01  1.1306e-01  1.6093e-06  4.5654e-41
   920  8.8694e-01  1.1306e-01  0.0000e+00  4.5654e-41
   940  8.8693e-01  1.1307e-01  9.5367e-07  4.5654e-41
   960  8.8693e-01  1.1307e-01  6.5565e-07  4.5654e-41
   980  8.8692e-01  1.1308e-01  2.9802e-07  4.5654e-41
  1000  8.8683e-01  1.1317e-01  0.0000e+00  4.5654e-41
  1020  8.8683e-01  1.1317e-01  0.0000e+00  4.5654e-41
  1040  8.8682e-01  1.1318e-01  0.0000e+00  4.5654e-41
  1060  8.8682e-01  1.1318e-01  1.9073e-06  4.5654e-41
  1080  8.8681e-01  1.1319e-01  0.0000e+00  4.5654e-41
  1100  8.8681e-01  1.1319e-01  0.0000e+00  4.5654e-41
  1120  8.8681e-01  1.1319e-01  0.0000e+00  4.5654e-41
  1140  8.8680e-01  1.1320e-01  0.0000e+00  4.5654e-41
  1160  8.8680e-01  1.1320e-01  3.5763e-07  4.5654e-41
  1180  8.8680e-01  1.1320e-01  4.1723e-07  4.5654e-41
  1200  8.8679e-01  1.1321e-01  0.0000e+00  4.5654e-41
  1220  8.8679e-01  1.1321e-01  5.9605e-07  4.5654e-41
  1240  8.8678e-01  1.1322e-01  0.0000e+00  4.5654e-41
  1260  8.8678e-01  1.1322e-01  0.0000e+00  4.5654e-41
  1280  8.8678e-01  1.1322e-01  4.1723e-07  4.5654e-41
  1300  8.8678e-01  1.1322e-01  0.0000e+00  4.5654e-41
  1320  8.8678e-01  1.1322e-01  8.3447e-07  4.5654e-41
  1340  8.8677e-01  1.1323e-01  0.0000e+00  4.5654e-41
  1360  8.8677e-01  1.1323e-01  0.0000e+00  4.5654e-41
  1380  8.8677e-01  1.1323e-01  1.1921e-07  4.5654e-41
  1400  8.8676e-01  1.1324e-01  4.1723e-07  4.5654e-41
  1420  8.8676e-01  1.1324e-01  0.0000e+00  4.5654e-41
  1440  8.8676e-01  1.1324e-01  0.0000e+00  4.5654e-41
  1460  8.8676e-01  1.1324e-01  0.0000e+00  4.5654e-41
  1480  8.8675e-01  1.1325e-01  5.9605e-08  4.5654e-41
  1500  8.8675e-01  1.1325e-01  3.5763e-07  4.5654e-41
  1520  8.8675e-01  1.1325e-01  1.7881e-07  4.5654e-41
  1540  8.8675e-01  1.1325e-01  2.3842e-07  4.5654e-41
  1560  8.8674e-01  1.1326e-01  8.9407e-07  4.5654e-41
  1580  8.8674e-01  1.1326e-01  1.0133e-06  4.5654e-41
  1600  8.8674e-01  1.1326e-01  0.0000e+00  4.5654e-41
  1620  8.8673e-01  1.1327e-01  5.9605e-08  4.5654e-41
  1640  8.8673e-01  1.1327e-01  1.1921e-07  4.5654e-41
  1660  8.8673e-01  1.1327e-01  0.0000e+00  4.5654e-41
  1680  8.8673e-01  1.1327e-01  4.1723e-07  4.5654e-41
  1700  8.8672e-01  1.1328e-01  0.0000e+00  4.5654e-41
  1720  8.8672e-01  1.1328e-01  3.5763e-07  4.5654e-41
  1740  8.8672e-01  1.1328e-01  2.9802e-07  4.5654e-41
  1760  8.8672e-01  1.1328e-01  3.5763e-07  4.5654e-41
  1780  8.8672e-01  1.1328e-01  5.3644e-07  4.5654e-41
  1800  8.8671e-01  1.1329e-01  0.0000e+00  4.5654e-41
  1820  8.8671e-01  1.1329e-01  6.5565e-07  4.5654e-41
  1840  8.8671e-01  1.1329e-01  5.9605e-07  4.5654e-41
  1860  8.8671e-01  1.1329e-01  0.0000e+00  4.5654e-41
  1880  8.8671e-01  1.1329e-01  1.7881e-07  4.5654e-41
  1900  8.8671e-01  1.1329e-01  0.0000e+00  4.5654e-41
  1920  8.8670e-01  1.1330e-01  5.9605e-08  4.5654e-41
  1940  8.8670e-01  1.1330e-01  0.0000e+00  4.5654e-41
  1960  8.8670e-01  1.1330e-01  0.0000e+00  4.5654e-41
  1980  8.8670e-01  1.1330e-01  0.0000e+00  4.5654e-41
  2000  8.8670e-01  1.1330e-01  5.9605e-07  4.5654e-41
  2020  8.8669e-01  1.1331e-01  4.1723e-07  6.7246e-03
  2040  8.8669e-01  1.1331e-01  0.0000e+00  6.1851e-03
  2060  8.8669e-01  1.1331e-01  5.3644e-07  5.6471e-03
  2080  8.8669e-01  1.1331e-01  1.7881e-07  5.1100e-03
  2100  8.8669e-01  1.1331e-01  3.5763e-07  4.5736e-03
  2120  8.8669e-01  1.1331e-01  2.3842e-07  4.0386e-03
  2140  8.8669e-01  1.1331e-01  0.0000e+00  3.5046e-03
  2160  8.8669e-01  1.1331e-01  0.0000e+00  2.9712e-03
  2180  8.8669e-01  1.1331e-01  2.3842e-07  2.4388e-03
  2200  8.8668e-01  1.1332e-01  1.7881e-07  1.9080e-03
  2220  8.8668e-01  1.1332e-01  5.9605e-08  1.7525e-03
  2240  8.8668e-01  1.1332e-01  0.0000e+00  1.5975e-03
  2260  8.8668e-01  1.1332e-01  0.0000e+00  1.4437e-03
  2280  8.8668e-01  1.1332e-01  0.0000e+00  1.2899e-03
  2300  8.8667e-01  1.1333e-01  0.0000e+00  1.1373e-03
  2320  8.8667e-01  1.1333e-01  2.3842e-07  9.8538e-04
  2340  8.8667e-01  1.1333e-01  0.0000e+00  8.3399e-04
  2360  8.8667e-01  1.1333e-01  4.7684e-07  6.8271e-04
  2380  8.8667e-01  1.1333e-01  2.3842e-07  5.3251e-04
  2400  8.8667e-01  1.1333e-01  0.0000e+00  3.8230e-04
  2420  8.8667e-01  1.1333e-01  4.7684e-07  3.6365e-04
  2440  8.8666e-01  1.1334e-01  5.9605e-08  3.4618e-04
  2460  8.8666e-01  1.1334e-01  0.0000e+00  3.2967e-04
  2480  8.8666e-01  1.1334e-01  0.0000e+00  3.1418e-04
  2500  8.8666e-01  1.1334e-01  5.3644e-07  2.9951e-04
  2520  8.8666e-01  1.1334e-01  3.5763e-07  2.8521e-04
  2540  8.8666e-01  1.1334e-01  0.0000e+00  2.7198e-04
  2560  8.8665e-01  1.1335e-01  0.0000e+00  2.5862e-04
  2580  8.8665e-01  1.1335e-01  0.0000e+00  2.4432e-04
  2600  8.8665e-01  1.1335e-01  0.0000e+00  2.3091e-04
  2620  8.8665e-01  1.1335e-01  0.0000e+00  2.1982e-04
  2640  8.8665e-01  1.1335e-01  1.7881e-07  2.0909e-04
  2660  8.8665e-01  1.1335e-01  2.3842e-07  1.9836e-04
  2680  8.8665e-01  1.1335e-01  5.9605e-08  1.8764e-04
  2700  8.8665e-01  1.1335e-01  4.7684e-07  1.7691e-04
  2720  8.8664e-01  1.1336e-01  1.7881e-07  1.6618e-04
  2740  8.8664e-01  1.1336e-01  2.3842e-07  1.5599e-04
  2760  8.8664e-01  1.1336e-01  0.0000e+00  1.4645e-04
  2780  8.8664e-01  1.1336e-01  1.1921e-07  1.3691e-04
  2800  8.8664e-01  1.1336e-01  4.7684e-07  1.2738e-04
  2820  8.8664e-01  1.1336e-01  0.0000e+00  1.2380e-04
  2840  8.8664e-01  1.1336e-01  2.3842e-07  1.2022e-04
  2860  8.8664e-01  1.1336e-01  5.9605e-08  1.1665e-04
  2880  8.8664e-01  1.1336e-01  5.9605e-07  1.1307e-04
  2900  8.8663e-01  1.1337e-01  3.5763e-07  1.0949e-04
  2920  8.8663e-01  1.1337e-01  4.7684e-07  1.0592e-04
  2940  8.8663e-01  1.1337e-01  2.9802e-07  1.0234e-04
  2953  8.8663e-01  0.0000e+00  1.1337e-01  0.0000e+00  9.9838e-05
# Std.corr:  FIRST=   0.08599919   LAST=   0.11336808  TIME=   6904 s
