# imodfit> Score file
# Iter       Score cross.corr. Delta_Score D_Score_Avg
     0  9.2231e-01  7.7691e-02
    20  9.2225e-01  7.7753e-02  2.2650e-06  9.1834e-41
    40  9.2221e-01  7.7789e-02  1.1802e-05  9.1834e-41
    60  9.2217e-01  7.7825e-02  0.0000e+00  9.1834e-41
    80  9.2211e-01  7.7888e-02  0.0000e+00  9.1834e-41
   100  9.2206e-01  7.7939e-02  0.0000e+00  9.1834e-41
   120  9.2204e-01  7.7962e-02  0.0000e+00  9.1834e-41
   140  9.2200e-01  7.8000e-02  3.0994e-06  9.1834e-41
   160  9.2195e-01  7.8050e-02  0.0000e+00  9.1834e-41
   180  9.2187e-01  7.8131e-02  0.0000e+00  9.1834e-41
   200  9.0000e-01  1.0000e-01  0.0000e+00  9.1834e-41
   220  8.9997e-01  1.0003e-01  0.0000e+00  9.1834e-41
   240  8.9993e-01  1.0007e-01  5.9605e-07  9.1834e-41
   260  8.9990e-01  1.0010e-01  0.0000e+00  9.1834e-41
   280  8.9985e-01  1.0015e-01  3.3975e-06  9.1834e-41
   300  8.9983e-01  1.0017e-01  5.6028e-06  9.1834e-41
   320  8.9981e-01  1.0019e-01  0.0000e+00  9.1834e-41
   340  8.9978e-01  1.0022e-01  0.0000e+00  9.1834e-41
   360  8.9975e-01  1.0025e-01  0.0000e+00  9.1834e-41
   380  8.9974e-01  1.0026e-01  4.0531e-06  9.1834e-41
   400  8.8561e-01  1.1439e-01  0.0000e+00  9.1834e-41
   420  8.8557e-01  1.1443e-01  0.0000e+00  9.1834e-41
   440  8.8553e-01  1.1447e-01  1.1683e-05  9.1834e-41
   460  8.8549e-01  1.1451e-01  6.3181e-06  9.1834e-41
   480  8.8544e-01  1.1456e-01  0.0000e+00  9.1834e-41
   500  8.8541e-01  1.1459e-01  0.0000e+00  9.1834e-41
   520  8.8534e-01  1.1466e-01  2.5630e-06  9.1834e-41
   540  8.8531e-01  1.1469e-01  4.1723e-07  9.1834e-41
   560  8.8528e-01  1.1472e-01  0.0000e+00  9.1834e-41
   580  8.8527e-01  1.1473e-01  1.0729e-06  9.1834e-41
   600  8.8521e-01  1.1479e-01  0.0000e+00  9.1834e-41
   620  8.8519e-01  1.1481e-01  0.0000e+00  9.1834e-41
   640  8.8518e-01  1.1482e-01  0.0000e+00  9.1834e-41
   660  8.8517e-01  1.1483e-01  5.3644e-07  9.1834e-41
   680  8.8516e-01  1.1484e-01  7.1526e-07  9.1834e-41
   700  8.8515e-01  1.1485e-01  0.0000e+00  9.1834e-41
   720  8.8514e-01  1.1486e-01  0.0000e+00  9.1834e-41
   740  8.8514e-01  1.1486e-01  1.7881e-07  9.1834e-41
   760  8.8514e-01  1.1486e-01  2.3842e-07  9.1834e-41
   780  8.8514e-01  1.1486e-01  0.0000e+00  9.1834e-41
   800  8.8513e-01  1.1487e-01  5.9605e-07  9.1834e-41
   820  8.8513e-01  1.1487e-01  3.5763e-07  9.1834e-41
   840  8.8513e-01  1.1487e-01  5.9605e-08  9.1834e-41
   860  8.8513e-01  1.1487e-01  0.0000e+00  9.1834e-41
   880  8.8513e-01  1.1487e-01  4.7684e-07  9.1834e-41
   900  8.8512e-01  1.1488e-01  4.1723e-07  9.1834e-41
   920  8.8512e-01  1.1488e-01  0.0000e+00  9.1834e-41
   940  8.8512e-01  1.1488e-01  0.0000e+00  9.1834e-41
   960  8.8512e-01  1.1488e-01  2.3842e-07  9.1834e-41
   980  8.8512e-01  1.1488e-01  5.9605e-07  9.1834e-41
  1000  8.8512e-01  1.1488e-01  0.0000e+00  9.1834e-41
  1020  8.8512e-01  1.1488e-01  0.0000e+00  9.1834e-41
  1040  8.8512e-01  1.1488e-01  2.9802e-07  9.1834e-41
  1060  8.8511e-01  1.1489e-01  0.0000e+00  9.1834e-41
  1080  8.8511e-01  1.1489e-01  1.7881e-07  9.1834e-41
  1100  8.8511e-01  1.1489e-01  4.7684e-07  9.1834e-41
  1120  8.8511e-01  1.1489e-01  2.3842e-07  9.1834e-41
  1140  8.8511e-01  1.1489e-01  0.0000e+00  9.1834e-41
  1160  8.8511e-01  1.1489e-01  2.9802e-07  9.1834e-41
  1180  8.8511e-01  1.1489e-01  1.7881e-07  9.1834e-41
  1200  8.8511e-01  1.1489e-01  0.0000e+00  9.1834e-41
  1220  8.8511e-01  1.1489e-01  5.9605e-07  9.1834e-41
  1240  8.8511e-01  1.1489e-01  0.0000e+00  9.1834e-41
  1260  8.8511e-01  1.1489e-01  1.7881e-07  9.1834e-41
  1280  8.8511e-01  1.1489e-01  1.1921e-07  9.1834e-41
  1300  8.8511e-01  1.1489e-01  2.9802e-07  9.1834e-41
  1320  8.8510e-01  1.1490e-01  0.0000e+00  9.1834e-41
  1340  8.8510e-01  1.1490e-01  0.0000e+00  9.1834e-41
  1360  8.8510e-01  1.1490e-01  2.3842e-07  9.1834e-41
  1380  8.8510e-01  1.1490e-01  5.9605e-08  9.1834e-41
  1400  8.8510e-01  1.1490e-01  0.0000e+00  9.1834e-41
  1420  8.8510e-01  1.1490e-01  2.3842e-07  9.1834e-41
  1440  8.8510e-01  1.1490e-01  1.7881e-07  9.1834e-41
  1460  8.8510e-01  1.1490e-01  0.0000e+00  9.1834e-41
  1480  8.8510e-01  1.1490e-01  9.5367e-07  9.1834e-41
  1500  8.8510e-01  1.1490e-01  1.1921e-07  9.1834e-41
  1520  8.8510e-01  1.1490e-01  1.7881e-07  9.1834e-41
  1540  8.8510e-01  1.1490e-01  0.0000e+00  9.1834e-41
  1560  8.8510e-01  1.1490e-01  0.0000e+00  9.1834e-41
  1580  8.8510e-01  1.1490e-01  1.1921e-07  9.1834e-41
  1600  8.8509e-01  1.1491e-01  5.9605e-08  9.1834e-41
  1620  8.8509e-01  1.1491e-01  2.3842e-07  9.1834e-41
  1640  8.8509e-01  1.1491e-01  2.3842e-07  9.1834e-41
  1660  8.8509e-01  1.1491e-01  0.0000e+00  9.1834e-41
  1680  8.8509e-01  1.1491e-01  1.7881e-07  9.1834e-41
  1700  8.8509e-01  1.1491e-01  3.5763e-07  9.1834e-41
  1720  8.8509e-01  1.1491e-01  0.0000e+00  9.1834e-41
  1740  8.8509e-01  1.1491e-01  2.3842e-07  9.1834e-41
  1760  8.8509e-01  1.1491e-01  1.1921e-07  9.1834e-41
  1780  8.8509e-01  1.1491e-01  2.3842e-07  9.1834e-41
  1800  8.8509e-01  1.1491e-01  2.9802e-07  9.1834e-41
  1820  8.8509e-01  1.1491e-01  0.0000e+00  9.1834e-41
  1840  8.8509e-01  1.1491e-01  1.1921e-07  9.1834e-41
  1860  8.8509e-01  1.1491e-01  5.9605e-08  9.1834e-41
  1880  8.8509e-01  1.1491e-01  5.3644e-07  9.1834e-41
  1900  8.8509e-01  1.1491e-01  0.0000e+00  9.1834e-41
  1920  8.8509e-01  1.1491e-01  1.1921e-07  9.1834e-41
  1940  8.8509e-01  1.1491e-01  5.9605e-08  9.1834e-41
  1960  8.8509e-01  1.1491e-01  0.0000e+00  9.1834e-41
  1980  8.8509e-01  1.1491e-01  1.1921e-07  9.1834e-41
  2000  8.8509e-01  1.1491e-01  5.9605e-08  9.1834e-41
  2020  8.8508e-01  1.1492e-01  0.0000e+00  9.6893e-03
  2040  8.8508e-01  1.1492e-01  1.1921e-07  8.9483e-03
  2060  8.8508e-01  1.1492e-01  5.9605e-08  8.2080e-03
  2080  8.8508e-01  1.1492e-01  2.3842e-07  7.4675e-03
  2100  8.8508e-01  1.1492e-01  3.5763e-07  6.7282e-03
  2120  8.8508e-01  1.1492e-01  2.3842e-07  5.9891e-03
  2140  8.8508e-01  1.1492e-01  5.9605e-08  5.2511e-03
  2160  8.8508e-01  1.1492e-01  2.9802e-07  4.5137e-03
  2180  8.8508e-01  1.1492e-01  0.0000e+00  3.7777e-03
  2200  8.8508e-01  1.1492e-01  5.9605e-08  3.0429e-03
  2220  8.8508e-01  1.1492e-01  2.9802e-07  2.7452e-03
  2240  8.8508e-01  1.1492e-01  0.0000e+00  2.4483e-03
  2260  8.8508e-01  1.1492e-01  0.0000e+00  2.1521e-03
  2280  8.8508e-01  1.1492e-01  0.0000e+00  1.8566e-03
  2300  8.8508e-01  1.1492e-01  2.3842e-07  1.5622e-03
  2320  8.8508e-01  1.1492e-01  1.1921e-07  1.2677e-03
  2340  8.8508e-01  1.1492e-01  1.7881e-07  9.7382e-04
  2360  8.8508e-01  1.1492e-01  1.1921e-07  6.8057e-04
  2380  8.8508e-01  1.1492e-01  1.1921e-07  3.8731e-04
  2399  8.8508e-01  0.0000e+00  1.1492e-01  5.3644e-07  9.5129e-05
# Std.corr:  FIRST=   0.07769108   LAST=   0.11492387  TIME=   4118 s
