# imodfit> Score file
# Iter       Score cross.corr. Delta_Score D_Score_Avg
     0  9.2829e-01  7.1715e-02
    20  9.2824e-01  7.1757e-02  0.0000e+00  4.5580e-41
    40  9.2819e-01  7.1808e-02  1.1146e-05  4.5580e-41
    60  9.2815e-01  7.1853e-02  0.0000e+00  4.5580e-41
    80  9.2811e-01  7.1885e-02  1.8477e-06  4.5580e-41
   100  9.2809e-01  7.1912e-02  1.7881e-07  4.5580e-41
   120  9.2803e-01  7.1967e-02  3.9339e-06  4.5580e-41
   140  9.2801e-01  7.1986e-02  4.0531e-06  4.5580e-41
   160  9.2797e-01  7.2032e-02  0.0000e+00  4.5580e-41
   180  9.2791e-01  7.2094e-02  2.1458e-06  4.5580e-41
   200  9.1019e-01  8.9807e-02  0.0000e+00  4.5580e-41
   220  9.1013e-01  8.9873e-02  0.0000e+00  4.5580e-41
   240  9.1007e-01  8.9926e-02  0.0000e+00  4.5580e-41
   260  9.1002e-01  8.9985e-02  0.0000e+00  4.5580e-41
   280  9.0998e-01  9.0017e-02  0.0000e+00  4.5580e-41
   300  9.0992e-01  9.0083e-02  1.3113e-05  4.5580e-41
   320  9.0984e-01  9.0161e-02  0.0000e+00  4.5580e-41
   340  9.0978e-01  9.0223e-02  6.5565e-06  4.5580e-41
   360  9.0971e-01  9.0287e-02  0.0000e+00  4.5580e-41
   380  9.0966e-01  9.0343e-02  1.4305e-06  4.5580e-41
   400  8.9151e-01  1.0849e-01  0.0000e+00  4.5580e-41
   420  8.9146e-01  1.0854e-01  9.2983e-06  4.5580e-41
   440  8.9142e-01  1.0858e-01  4.1723e-06  4.5580e-41
   460  8.9140e-01  1.0860e-01  0.0000e+00  4.5580e-41
   480  8.9137e-01  1.0863e-01  0.0000e+00  4.5580e-41
   500  8.9134e-01  1.0866e-01  0.0000e+00  4.5580e-41
   520  8.9131e-01  1.0869e-01  0.0000e+00  4.5580e-41
   540  8.9129e-01  1.0871e-01  0.0000e+00  4.5580e-41
   560  8.9128e-01  1.0872e-01  1.7881e-07  4.5580e-41
   580  8.9127e-01  1.0873e-01  1.1921e-07  4.5580e-41
   600  8.9019e-01  1.0981e-01  0.0000e+00  4.5580e-41
   620  8.9018e-01  1.0982e-01  2.9206e-06  4.5580e-41
   640  8.9017e-01  1.0983e-01  1.7881e-07  4.5580e-41
   660  8.9015e-01  1.0985e-01  2.5630e-06  4.5580e-41
   680  8.9014e-01  1.0986e-01  1.8477e-06  4.5580e-41
   700  8.9013e-01  1.0987e-01  1.9073e-06  4.5580e-41
   720  8.9012e-01  1.0988e-01  0.0000e+00  4.5580e-41
   740  8.9011e-01  1.0989e-01  0.0000e+00  4.5580e-41
   760  8.9010e-01  1.0990e-01  0.0000e+00  4.5580e-41
   780  8.9010e-01  1.0990e-01  4.1723e-07  4.5580e-41
   800  8.9009e-01  1.0991e-01  1.3709e-06  4.5580e-41
   820  8.9009e-01  1.0991e-01  0.0000e+00  4.5580e-41
   840  8.9009e-01  1.0991e-01  0.0000e+00  4.5580e-41
   860  8.9008e-01  1.0992e-01  0.0000e+00  4.5580e-41
   880  8.9008e-01  1.0992e-01  7.1526e-07  4.5580e-41
   900  8.9008e-01  1.0992e-01  4.7684e-07  4.5580e-41
   920  8.9008e-01  1.0992e-01  0.0000e+00  4.5580e-41
   940  8.9008e-01  1.0992e-01  0.0000e+00  4.5580e-41
   960  8.9007e-01  1.0993e-01  0.0000e+00  4.5580e-41
   980  8.9007e-01  1.0993e-01  5.9605e-08  4.5580e-41
  1000  8.9007e-01  1.0993e-01  0.0000e+00  4.5580e-41
  1020  8.9007e-01  1.0993e-01  0.0000e+00  4.5580e-41
  1040  8.9006e-01  1.0994e-01  1.7881e-07  4.5580e-41
  1060  8.9006e-01  1.0994e-01  8.3447e-07  4.5580e-41
  1080  8.9006e-01  1.0994e-01  0.0000e+00  4.5580e-41
  1100  8.9006e-01  1.0994e-01  3.5763e-07  4.5580e-41
  1120  8.9006e-01  1.0994e-01  2.9802e-07  4.5580e-41
  1140  8.9005e-01  1.0995e-01  0.0000e+00  4.5580e-41
  1160  8.9005e-01  1.0995e-01  0.0000e+00  4.5580e-41
  1180  8.9005e-01  1.0995e-01  0.0000e+00  4.5580e-41
  1200  8.9005e-01  1.0995e-01  5.3644e-07  4.5580e-41
  1220  8.9005e-01  1.0995e-01  0.0000e+00  4.5580e-41
  1240  8.9004e-01  1.0996e-01  1.7881e-07  4.5580e-41
  1260  8.9004e-01  1.0996e-01  2.9802e-07  4.5580e-41
  1280  8.9004e-01  1.0996e-01  0.0000e+00  4.5580e-41
  1300  8.9004e-01  1.0996e-01  2.3842e-07  4.5580e-41
  1320  8.9004e-01  1.0996e-01  4.7684e-07  4.5580e-41
  1340  8.9004e-01  1.0996e-01  3.5763e-07  4.5580e-41
  1360  8.9004e-01  1.0996e-01  2.9802e-07  4.5580e-41
  1380  8.9003e-01  1.0997e-01  5.3644e-07  4.5580e-41
  1400  8.9003e-01  1.0997e-01  0.0000e+00  4.5580e-41
  1420  8.9003e-01  1.0997e-01  3.5763e-07  4.5580e-41
  1440  8.9003e-01  1.0997e-01  5.9605e-08  4.5580e-41
  1460  8.9003e-01  1.0997e-01  1.7881e-07  4.5580e-41
  1480  8.9003e-01  1.0997e-01  1.7881e-07  4.5580e-41
  1500  8.9003e-01  1.0997e-01  1.7881e-07  4.5580e-41
  1520  8.9002e-01  1.0998e-01  7.7486e-07  4.5580e-41
  1540  8.9002e-01  1.0998e-01  5.9605e-07  4.5580e-41
  1560  8.9002e-01  1.0998e-01  0.0000e+00  4.5580e-41
  1580  8.9002e-01  1.0998e-01  4.7684e-07  4.5580e-41
  1600  8.9002e-01  1.0998e-01  1.7881e-07  4.5580e-41
  1620  8.9002e-01  1.0998e-01  1.1921e-07  4.5580e-41
  1640  8.9002e-01  1.0998e-01  0.0000e+00  4.5580e-41
  1660  8.9001e-01  1.0999e-01  2.9802e-07  4.5580e-41
  1680  8.9001e-01  1.0999e-01  0.0000e+00  4.5580e-41
  1700  8.9001e-01  1.0999e-01  0.0000e+00  4.5580e-41
  1720  8.9001e-01  1.0999e-01  0.0000e+00  4.5580e-41
  1740  8.9001e-01  1.0999e-01  0.0000e+00  4.5580e-41
  1760  8.9001e-01  1.0999e-01  5.9605e-07  4.5580e-41
  1780  8.9000e-01  1.1000e-01  1.7881e-07  4.5580e-41
  1800  8.9000e-01  1.1000e-01  1.1921e-07  4.5580e-41
  1820  8.9000e-01  1.1000e-01  5.3644e-07  4.5580e-41
  1840  8.9000e-01  1.1000e-01  1.7881e-07  4.5580e-41
  1860  8.9000e-01  1.1000e-01  2.3842e-07  4.5580e-41
  1880  8.9000e-01  1.1000e-01  5.9605e-08  4.5580e-41
  1900  8.9000e-01  1.1000e-01  0.0000e+00  4.5580e-41
  1920  8.9000e-01  1.1000e-01  1.7881e-07  4.5580e-41
  1940  8.9000e-01  1.1000e-01  5.3644e-07  4.5580e-41
  1960  8.8999e-01  1.1001e-01  2.9802e-07  4.5580e-41
  1980  8.8999e-01  1.1001e-01  0.0000e+00  4.5580e-41
  2000  8.8999e-01  1.1001e-01  5.9605e-08  4.5580e-41
  2020  8.8999e-01  1.1001e-01  3.5763e-07  1.1114e-02
  2040  8.8999e-01  1.1001e-01  2.9802e-07  1.0352e-02
  2060  8.8999e-01  1.1001e-01  2.9802e-07  9.5912e-03
  2080  8.8999e-01  1.1001e-01  2.9802e-07  8.8308e-03
  2100  8.8999e-01  1.1001e-01  0.0000e+00  8.0714e-03
  2120  8.8999e-01  1.1001e-01  1.1921e-07  7.3125e-03
  2140  8.8999e-01  1.1001e-01  5.9605e-08  6.5544e-03
  2160  8.8999e-01  1.1001e-01  3.5763e-07  5.7968e-03
  2180  8.8999e-01  1.1001e-01  1.1921e-07  5.0403e-03
  2200  8.8999e-01  1.1001e-01  1.7881e-07  4.2850e-03
  2220  8.8999e-01  1.1001e-01  4.7684e-07  3.8837e-03
  2240  8.8998e-01  1.1002e-01  3.5763e-07  3.4837e-03
  2260  8.8998e-01  1.1002e-01  0.0000e+00  3.0847e-03
  2280  8.8998e-01  1.1002e-01  2.3842e-07  2.6865e-03
  2300  8.8998e-01  1.1002e-01  0.0000e+00  2.2897e-03
  2320  8.8998e-01  1.1002e-01  1.1921e-07  1.8942e-03
  2340  8.8998e-01  1.1002e-01  5.9605e-08  1.5000e-03
  2360  8.8998e-01  1.1002e-01  5.9605e-08  1.1070e-03
  2380  8.8998e-01  1.1002e-01  4.7684e-07  7.1520e-04
  2400  8.8998e-01  1.1002e-01  4.1723e-07  3.2443e-04
  2420  8.8998e-01  1.1002e-01  0.0000e+00  2.9647e-04
  2440  8.8998e-01  1.1002e-01  0.0000e+00  2.6917e-04
  2460  8.8998e-01  1.1002e-01  0.0000e+00  2.4295e-04
  2480  8.8998e-01  1.1002e-01  1.1921e-07  2.1672e-04
  2500  8.8998e-01  1.1002e-01  0.0000e+00  1.9139e-04
  2520  8.8997e-01  1.1003e-01  5.9605e-08  1.6636e-04
  2540  8.8997e-01  1.1003e-01  0.0000e+00  1.4246e-04
  2560  8.8997e-01  1.1003e-01  3.5763e-07  1.1861e-04
  2575  8.8997e-01  0.0000e+00  1.1003e-01  1.1921e-07  9.9540e-05
# Std.corr:  FIRST=   0.07171476   LAST=   0.11002913  TIME=   6558 s
