# imodfit> Score file
# Iter       Score cross.corr. Delta_Score D_Score_Avg
     0  9.1004e-01  8.9957e-02
    20  9.0999e-01  9.0013e-02  0.0000e+00  4.5563e-41
    40  9.0995e-01  9.0053e-02  0.0000e+00  4.5563e-41
    60  9.0991e-01  9.0089e-02  5.9605e-07  4.5563e-41
    80  9.0988e-01  9.0124e-02  0.0000e+00  4.5563e-41
   100  9.0985e-01  9.0151e-02  2.6226e-06  4.5563e-41
   120  9.0982e-01  9.0178e-02  3.9935e-06  4.5563e-41
   140  9.0978e-01  9.0215e-02  9.5367e-07  4.5563e-41
   160  9.0975e-01  9.0246e-02  0.0000e+00  4.5563e-41
   180  9.0972e-01  9.0279e-02  5.0664e-06  4.5563e-41
   200  8.9332e-01  1.0668e-01  1.1802e-05  4.5563e-41
   220  8.9325e-01  1.0675e-01  0.0000e+00  4.5563e-41
   240  8.9323e-01  1.0677e-01  0.0000e+00  4.5563e-41
   260  8.9316e-01  1.0684e-01  2.3842e-06  4.5563e-41
   280  8.9313e-01  1.0687e-01  0.0000e+00  4.5563e-41
   300  8.9310e-01  1.0690e-01  1.8477e-06  4.5563e-41
   320  8.9307e-01  1.0693e-01  0.0000e+00  4.5563e-41
   340  8.9303e-01  1.0697e-01  5.3644e-07  4.5563e-41
   360  8.9301e-01  1.0699e-01  7.7486e-07  4.5563e-41
   380  8.9298e-01  1.0702e-01  1.0133e-06  4.5563e-41
   400  8.8755e-01  1.1245e-01  0.0000e+00  4.5563e-41
   420  8.8750e-01  1.1250e-01  3.7551e-06  4.5563e-41
   440  8.8747e-01  1.1253e-01  6.7353e-06  4.5563e-41
   460  8.8742e-01  1.1258e-01  0.0000e+00  4.5563e-41
   480  8.8739e-01  1.1261e-01  0.0000e+00  4.5563e-41
   500  8.8737e-01  1.1263e-01  3.2783e-06  4.5563e-41
   520  8.8735e-01  1.1265e-01  9.5367e-07  4.5563e-41
   540  8.8732e-01  1.1268e-01  0.0000e+00  4.5563e-41
   560  8.8730e-01  1.1270e-01  6.5565e-06  4.5563e-41
   580  8.8728e-01  1.1272e-01  6.6757e-06  4.5563e-41
   600  8.8709e-01  1.1291e-01  4.4107e-06  4.5563e-41
   620  8.8705e-01  1.1295e-01  0.0000e+00  4.5563e-41
   640  8.8703e-01  1.1297e-01  0.0000e+00  4.5563e-41
   660  8.8700e-01  1.1300e-01  1.5497e-06  4.5563e-41
   680  8.8699e-01  1.1301e-01  2.3842e-06  4.5563e-41
   700  8.8697e-01  1.1303e-01  1.6093e-06  4.5563e-41
   720  8.8695e-01  1.1305e-01  0.0000e+00  4.5563e-41
   740  8.8694e-01  1.1306e-01  0.0000e+00  4.5563e-41
   760  8.8693e-01  1.1307e-01  0.0000e+00  4.5563e-41
   780  8.8692e-01  1.1308e-01  0.0000e+00  4.5563e-41
   800  8.8692e-01  1.1308e-01  8.9407e-07  4.5563e-41
   820  8.8691e-01  1.1309e-01  2.7418e-06  4.5563e-41
   840  8.8690e-01  1.1310e-01  5.3644e-07  4.5563e-41
   860  8.8688e-01  1.1312e-01  0.0000e+00  4.5563e-41
   880  8.8687e-01  1.1313e-01  2.1458e-06  4.5563e-41
   900  8.8686e-01  1.1314e-01  2.9802e-07  4.5563e-41
   920  8.8685e-01  1.1315e-01  0.0000e+00  4.5563e-41
   940  8.8684e-01  1.1316e-01  2.9802e-07  4.5563e-41
   960  8.8684e-01  1.1316e-01  1.1921e-07  4.5563e-41
   980  8.8683e-01  1.1317e-01  0.0000e+00  4.5563e-41
  1000  8.8682e-01  1.1318e-01  0.0000e+00  4.5563e-41
  1020  8.8681e-01  1.1319e-01  0.0000e+00  4.5563e-41
  1040  8.8680e-01  1.1320e-01  1.7881e-06  4.5563e-41
  1060  8.8680e-01  1.1320e-01  1.1921e-07  4.5563e-41
  1080  8.8679e-01  1.1321e-01  0.0000e+00  4.5563e-41
  1100  8.8679e-01  1.1321e-01  0.0000e+00  4.5563e-41
  1120  8.8679e-01  1.1321e-01  1.3709e-06  4.5563e-41
  1140  8.8678e-01  1.1322e-01  2.4438e-06  4.5563e-41
  1160  8.8678e-01  1.1322e-01  7.1526e-07  4.5563e-41
  1180  8.8678e-01  1.1322e-01  1.1921e-06  4.5563e-41
  1200  8.8677e-01  1.1323e-01  7.1526e-07  4.5563e-41
  1220  8.8677e-01  1.1323e-01  0.0000e+00  4.5563e-41
  1240  8.8676e-01  1.1324e-01  1.4901e-06  4.5563e-41
  1260  8.8676e-01  1.1324e-01  1.1921e-06  4.5563e-41
  1280  8.8675e-01  1.1325e-01  0.0000e+00  4.5563e-41
  1300  8.8675e-01  1.1325e-01  0.0000e+00  4.5563e-41
  1320  8.8674e-01  1.1326e-01  5.9605e-07  4.5563e-41
  1340  8.8674e-01  1.1326e-01  0.0000e+00  4.5563e-41
  1360  8.8673e-01  1.1327e-01  0.0000e+00  4.5563e-41
  1380  8.8673e-01  1.1327e-01  5.9605e-07  4.5563e-41
  1400  8.8672e-01  1.1328e-01  0.0000e+00  4.5563e-41
  1420  8.8672e-01  1.1328e-01  1.0729e-06  4.5563e-41
  1440  8.8671e-01  1.1329e-01  0.0000e+00  4.5563e-41
  1460  8.8671e-01  1.1329e-01  1.1921e-07  4.5563e-41
  1480  8.8671e-01  1.1329e-01  1.7881e-07  4.5563e-41
  1500  8.8670e-01  1.1330e-01  0.0000e+00  4.5563e-41
  1520  8.8670e-01  1.1330e-01  0.0000e+00  4.5563e-41
  1540  8.8669e-01  1.1331e-01  0.0000e+00  4.5563e-41
  1560  8.8669e-01  1.1331e-01  0.0000e+00  4.5563e-41
  1580  8.8669e-01  1.1331e-01  0.0000e+00  4.5563e-41
  1600  8.8668e-01  1.1332e-01  0.0000e+00  4.5563e-41
  1620  8.8668e-01  1.1332e-01  0.0000e+00  4.5563e-41
  1640  8.8668e-01  1.1332e-01  4.1723e-07  4.5563e-41
  1660  8.8668e-01  1.1332e-01  0.0000e+00  4.5563e-41
  1680  8.8667e-01  1.1333e-01  0.0000e+00  4.5563e-41
  1700  8.8667e-01  1.1333e-01  0.0000e+00  4.5563e-41
  1720  8.8667e-01  1.1333e-01  0.0000e+00  4.5563e-41
  1740  8.8666e-01  1.1334e-01  0.0000e+00  4.5563e-41
  1760  8.8666e-01  1.1334e-01  0.0000e+00  4.5563e-41
  1780  8.8666e-01  1.1334e-01  0.0000e+00  4.5563e-41
  1800  8.8665e-01  1.1335e-01  0.0000e+00  4.5563e-41
  1820  8.8665e-01  1.1335e-01  0.0000e+00  4.5563e-41
  1840  8.8665e-01  1.1335e-01  5.9605e-08  4.5563e-41
  1860  8.8665e-01  1.1335e-01  2.9802e-07  4.5563e-41
  1880  8.8664e-01  1.1336e-01  0.0000e+00  4.5563e-41
  1900  8.8664e-01  1.1336e-01  0.0000e+00  4.5563e-41
  1920  8.8664e-01  1.1336e-01  0.0000e+00  4.5563e-41
  1940  8.8663e-01  1.1337e-01  3.5763e-07  4.5563e-41
  1960  8.8663e-01  1.1337e-01  2.9802e-07  4.5563e-41
  1980  8.8663e-01  1.1337e-01  2.3842e-07  4.5563e-41
  2000  8.8663e-01  1.1337e-01  0.0000e+00  4.5563e-41
  2020  8.8663e-01  1.1337e-01  1.1921e-07  5.6654e-03
  2040  8.8663e-01  1.1337e-01  2.3842e-07  5.2056e-03
  2060  8.8662e-01  1.1338e-01  0.0000e+00  4.7466e-03
  2080  8.8662e-01  1.1338e-01  0.0000e+00  4.2879e-03
  2100  8.8662e-01  1.1338e-01  1.7881e-07  3.8301e-03
  2120  8.8662e-01  1.1338e-01  0.0000e+00  3.3724e-03
  2140  8.8662e-01  1.1338e-01  2.3842e-07  2.9159e-03
  2160  8.8661e-01  1.1339e-01  2.3842e-07  2.4593e-03
  2180  8.8661e-01  1.1339e-01  9.5367e-07  2.0039e-03
  2200  8.8661e-01  1.1339e-01  5.3644e-07  1.5492e-03
  2220  8.8661e-01  1.1339e-01  2.3842e-07  1.4226e-03
  2240  8.8661e-01  1.1339e-01  1.7881e-07  1.2962e-03
  2260  8.8660e-01  1.1340e-01  0.0000e+00  1.1712e-03
  2280  8.8660e-01  1.1340e-01  0.0000e+00  1.0472e-03
  2300  8.8660e-01  1.1340e-01  2.3842e-07  9.2322e-04
  2320  8.8659e-01  1.1341e-01  5.3644e-07  7.9918e-04
  2340  8.8659e-01  1.1341e-01  0.0000e+00  6.7520e-04
  2360  8.8659e-01  1.1341e-01  1.1921e-07  5.5194e-04
  2380  8.8659e-01  1.1341e-01  0.0000e+00  4.2915e-04
  2400  8.8659e-01  1.1341e-01  0.0000e+00  3.0637e-04
  2420  8.8658e-01  1.1342e-01  0.0000e+00  2.9272e-04
  2440  8.8658e-01  1.1342e-01  0.0000e+00  2.7961e-04
  2460  8.8658e-01  1.1342e-01  5.9605e-08  2.6715e-04
  2480  8.8658e-01  1.1342e-01  2.3842e-07  2.5523e-04
  2500  8.8658e-01  1.1342e-01  0.0000e+00  2.4414e-04
  2520  8.8658e-01  1.1342e-01  2.3842e-07  2.3341e-04
  2540  8.8657e-01  1.1343e-01  0.0000e+00  2.2268e-04
  2560  8.8657e-01  1.1343e-01  0.0000e+00  2.1309e-04
  2580  8.8657e-01  1.1343e-01  0.0000e+00  2.0355e-04
  2600  8.8657e-01  1.1343e-01  4.1723e-07  1.9401e-04
  2620  8.8657e-01  1.1343e-01  0.0000e+00  1.8865e-04
  2640  8.8657e-01  1.1343e-01  5.9605e-08  1.8388e-04
  2660  8.8657e-01  1.1343e-01  1.1921e-07  1.7941e-04
  2680  8.8656e-01  1.1344e-01  5.9605e-08  1.7583e-04
  2700  8.8656e-01  1.1344e-01  0.0000e+00  1.7226e-04
  2720  8.8656e-01  1.1344e-01  5.9605e-08  1.6868e-04
  2740  8.8656e-01  1.1344e-01  5.9605e-08  1.6510e-04
  2760  8.8656e-01  1.1344e-01  2.9802e-07  1.6153e-04
  2780  8.8656e-01  1.1344e-01  0.0000e+00  1.5903e-04
  2800  8.8655e-01  1.1345e-01  0.0000e+00  1.5664e-04
  2820  8.8655e-01  1.1345e-01  1.7881e-07  1.5426e-04
  2840  8.8655e-01  1.1345e-01  0.0000e+00  1.5187e-04
  2860  8.8655e-01  1.1345e-01  0.0000e+00  1.4949e-04
  2880  8.8655e-01  1.1345e-01  0.0000e+00  1.4710e-04
  2900  8.8654e-01  1.1346e-01  0.0000e+00  1.4472e-04
  2920  8.8654e-01  1.1346e-01  0.0000e+00  1.4234e-04
  2940  8.8654e-01  1.1346e-01  2.3842e-07  1.3995e-04
  2960  8.8654e-01  1.1346e-01  1.1921e-07  1.3816e-04
  2980  8.8654e-01  1.1346e-01  0.0000e+00  1.3697e-04
  3000  8.8654e-01  1.1346e-01  1.1921e-07  1.3578e-04
  3020  8.8654e-01  1.1346e-01  2.3842e-07  1.3459e-04
  3040  8.8654e-01  1.1346e-01  5.9605e-08  1.3322e-04
  3060  8.8654e-01  1.1346e-01  5.9605e-08  1.3101e-04
  3080  8.8653e-01  1.1347e-01  2.3842e-07  1.2863e-04
  3100  8.8653e-01  1.1347e-01  1.1921e-07  1.2624e-04
  3120  8.8653e-01  1.1347e-01  0.0000e+00  1.2386e-04
  3140  8.8653e-01  1.1347e-01  3.5763e-07  1.2147e-04
  3160  8.8653e-01  1.1347e-01  1.7881e-07  1.1909e-04
  3180  8.8653e-01  1.1347e-01  4.1723e-07  1.1671e-04
  3200  8.8652e-01  1.1348e-01  1.1921e-07  1.1432e-04
  3220  8.8652e-01  1.1348e-01  0.0000e+00  1.1194e-04
  3240  8.8652e-01  1.1348e-01  2.9802e-07  1.0955e-04
  3260  8.8652e-01  1.1348e-01  1.7881e-07  1.0717e-04
  3280  8.8652e-01  1.1348e-01  0.0000e+00  1.0478e-04
  3300  8.8652e-01  1.1348e-01  5.9605e-08  1.0240e-04
  3320  8.8652e-01  1.1348e-01  0.0000e+00  1.0085e-04
  3334  8.8652e-01  0.0000e+00  1.1348e-01  0.0000e+00  9.9957e-05
# Std.corr:  FIRST=   0.08995736   LAST=   0.11348466  TIME=   6147 s
