# imodfit> Score file
# Iter       Score cross.corr. Delta_Score D_Score_Avg
     0  9.2518e-01  7.4819e-02
    20  9.2512e-01  7.4878e-02  0.0000e+00  4.5904e-41
    40  9.2507e-01  7.4933e-02  9.2387e-06  4.5904e-41
    60  9.2503e-01  7.4972e-02  0.0000e+00  4.5904e-41
    80  9.2499e-01  7.5009e-02  0.0000e+00  4.5904e-41
   100  9.2492e-01  7.5080e-02  7.4506e-06  4.5904e-41
   120  9.2487e-01  7.5132e-02  7.5102e-06  4.5904e-41
   140  9.2483e-01  7.5172e-02  1.0312e-05  4.5904e-41
   160  9.2477e-01  7.5227e-02  0.0000e+00  4.5904e-41
   180  9.2474e-01  7.5264e-02  1.0014e-05  4.5904e-41
   200  9.0699e-01  9.3014e-02  3.5763e-07  4.5904e-41
   220  9.0694e-01  9.3060e-02  4.1723e-06  4.5904e-41
   240  9.0691e-01  9.3090e-02  0.0000e+00  4.5904e-41
   260  9.0687e-01  9.3126e-02  1.2040e-05  4.5904e-41
   280  9.0681e-01  9.3192e-02  0.0000e+00  4.5904e-41
   300  9.0676e-01  9.3240e-02  4.5896e-06  4.5904e-41
   320  9.0672e-01  9.3276e-02  2.9802e-07  4.5904e-41
   340  9.0668e-01  9.3315e-02  6.0797e-06  4.5904e-41
   360  9.0664e-01  9.3357e-02  3.1590e-06  4.5904e-41
   380  9.0660e-01  9.3405e-02  0.0000e+00  4.5904e-41
   400  8.8751e-01  1.1249e-01  0.0000e+00  4.5904e-41
   420  8.8748e-01  1.1252e-01  0.0000e+00  4.5904e-41
   440  8.8745e-01  1.1255e-01  1.1921e-06  4.5904e-41
   460  8.8743e-01  1.1257e-01  0.0000e+00  4.5904e-41
   480  8.8741e-01  1.1259e-01  0.0000e+00  4.5904e-41
   500  8.8739e-01  1.1261e-01  0.0000e+00  4.5904e-41
   520  8.8738e-01  1.1262e-01  1.1921e-06  4.5904e-41
   540  8.8737e-01  1.1263e-01  0.0000e+00  4.5904e-41
   560  8.8735e-01  1.1265e-01  1.2517e-06  4.5904e-41
   580  8.8734e-01  1.1266e-01  0.0000e+00  4.5904e-41
   600  8.8651e-01  1.1349e-01  0.0000e+00  4.5904e-41
   620  8.8649e-01  1.1351e-01  0.0000e+00  4.5904e-41
   640  8.8647e-01  1.1353e-01  4.1723e-07  4.5904e-41
   660  8.8647e-01  1.1353e-01  2.3842e-06  4.5904e-41
   680  8.8645e-01  1.1355e-01  0.0000e+00  4.5904e-41
   700  8.8644e-01  1.1356e-01  5.9605e-08  4.5904e-41
   720  8.8643e-01  1.1357e-01  7.1526e-07  4.5904e-41
   740  8.8643e-01  1.1357e-01  2.3842e-07  4.5904e-41
   760  8.8642e-01  1.1358e-01  7.7486e-07  4.5904e-41
   780  8.8642e-01  1.1358e-01  1.7881e-07  4.5904e-41
   800  8.8593e-01  1.1407e-01  0.0000e+00  4.5904e-41
   820  8.8593e-01  1.1407e-01  4.1723e-07  4.5904e-41
   840  8.8592e-01  1.1408e-01  0.0000e+00  4.5904e-41
   860  8.8592e-01  1.1408e-01  2.3842e-07  4.5904e-41
   880  8.8592e-01  1.1408e-01  0.0000e+00  4.5904e-41
   900  8.8592e-01  1.1408e-01  3.5763e-07  4.5904e-41
   920  8.8591e-01  1.1409e-01  0.0000e+00  4.5904e-41
   940  8.8591e-01  1.1409e-01  2.3842e-07  4.5904e-41
   960  8.8591e-01  1.1409e-01  0.0000e+00  4.5904e-41
   980  8.8591e-01  1.1409e-01  5.9605e-07  4.5904e-41
  1000  8.8591e-01  1.1409e-01  1.1921e-07  4.5904e-41
  1020  8.8590e-01  1.1410e-01  0.0000e+00  4.5904e-41
  1040  8.8590e-01  1.1410e-01  0.0000e+00  4.5904e-41
  1060  8.8590e-01  1.1410e-01  0.0000e+00  4.5904e-41
  1080  8.8590e-01  1.1410e-01  5.9605e-08  4.5904e-41
  1100  8.8590e-01  1.1410e-01  1.7881e-07  4.5904e-41
  1120  8.8590e-01  1.1410e-01  3.5763e-07  4.5904e-41
  1140  8.8590e-01  1.1410e-01  0.0000e+00  4.5904e-41
  1160  8.8589e-01  1.1411e-01  1.1921e-07  4.5904e-41
  1180  8.8589e-01  1.1411e-01  1.1921e-07  4.5904e-41
  1200  8.8589e-01  1.1411e-01  0.0000e+00  4.5904e-41
  1220  8.8589e-01  1.1411e-01  0.0000e+00  4.5904e-41
  1240  8.8589e-01  1.1411e-01  4.1723e-07  4.5904e-41
  1260  8.8589e-01  1.1411e-01  0.0000e+00  4.5904e-41
  1280  8.8589e-01  1.1411e-01  0.0000e+00  4.5904e-41
  1300  8.8588e-01  1.1412e-01  1.7881e-07  4.5904e-41
  1320  8.8588e-01  1.1412e-01  4.1723e-07  4.5904e-41
  1340  8.8588e-01  1.1412e-01  1.1921e-07  4.5904e-41
  1360  8.8588e-01  1.1412e-01  1.7881e-07  4.5904e-41
  1380  8.8588e-01  1.1412e-01  0.0000e+00  4.5904e-41
  1400  8.8588e-01  1.1412e-01  5.3644e-07  4.5904e-41
  1420  8.8588e-01  1.1412e-01  8.9407e-07  4.5904e-41
  1440  8.8588e-01  1.1412e-01  1.7881e-07  4.5904e-41
  1460  8.8588e-01  1.1412e-01  1.7881e-07  4.5904e-41
  1480  8.8587e-01  1.1413e-01  4.1723e-07  4.5904e-41
  1500  8.8587e-01  1.1413e-01  1.1921e-07  4.5904e-41
  1520  8.8587e-01  1.1413e-01  0.0000e+00  4.5904e-41
  1540  8.8587e-01  1.1413e-01  0.0000e+00  4.5904e-41
  1560  8.8587e-01  1.1413e-01  1.7881e-07  4.5904e-41
  1580  8.8587e-01  1.1413e-01  2.9802e-07  4.5904e-41
  1600  8.8587e-01  1.1413e-01  1.1921e-07  4.5904e-41
  1620  8.8587e-01  1.1413e-01  2.3842e-07  4.5904e-41
  1640  8.8587e-01  1.1413e-01  1.1921e-07  4.5904e-41
  1660  8.8586e-01  1.1414e-01  0.0000e+00  4.5904e-41
  1680  8.8586e-01  1.1414e-01  5.9605e-07  4.5904e-41
  1700  8.8586e-01  1.1414e-01  4.1723e-07  4.5904e-41
  1720  8.8586e-01  1.1414e-01  0.0000e+00  4.5904e-41
  1740  8.8586e-01  1.1414e-01  0.0000e+00  4.5904e-41
  1760  8.8586e-01  1.1414e-01  5.9605e-07  4.5904e-41
  1780  8.8586e-01  1.1414e-01  2.9802e-07  4.5904e-41
  1800  8.8586e-01  1.1414e-01  1.1921e-07  4.5904e-41
  1820  8.8586e-01  1.1414e-01  0.0000e+00  4.5904e-41
  1840  8.8586e-01  1.1414e-01  4.7684e-07  4.5904e-41
  1860  8.8585e-01  1.1415e-01  0.0000e+00  4.5904e-41
  1880  8.8585e-01  1.1415e-01  0.0000e+00  4.5904e-41
  1900  8.8585e-01  1.1415e-01  2.3842e-07  4.5904e-41
  1920  8.8585e-01  1.1415e-01  5.9605e-08  4.5904e-41
  1940  8.8585e-01  1.1415e-01  0.0000e+00  4.5904e-41
  1960  8.8585e-01  1.1415e-01  0.0000e+00  4.5904e-41
  1980  8.8585e-01  1.1415e-01  2.3842e-07  4.5904e-41
  2000  8.8585e-01  1.1415e-01  0.0000e+00  4.5904e-41
  2020  8.8585e-01  1.1415e-01  3.5763e-07  1.1633e-02
  2040  8.8585e-01  1.1415e-01  2.3842e-07  1.0851e-02
  2060  8.8585e-01  1.1415e-01  1.1921e-07  1.0069e-02
  2080  8.8585e-01  1.1415e-01  4.1723e-07  9.2882e-03
  2100  8.8584e-01  1.1416e-01  1.7881e-07  8.5083e-03
  2120  8.8584e-01  1.1416e-01  0.0000e+00  7.7296e-03
  2140  8.8584e-01  1.1416e-01  3.5763e-07  6.9516e-03
  2160  8.8584e-01  1.1416e-01  1.1921e-07  6.1746e-03
  2180  8.8584e-01  1.1416e-01  4.1723e-07  5.3985e-03
  2200  8.8584e-01  1.1416e-01  2.9802e-07  4.6233e-03
  2220  8.8584e-01  1.1416e-01  5.9605e-08  4.2031e-03
  2240  8.8584e-01  1.1416e-01  0.0000e+00  3.7835e-03
  2260  8.8584e-01  1.1416e-01  0.0000e+00  3.3647e-03
  2280  8.8584e-01  1.1416e-01  2.3842e-07  2.9469e-03
  2300  8.8584e-01  1.1416e-01  5.9605e-08  2.5301e-03
  2320  8.8584e-01  1.1416e-01  1.1921e-07  2.1141e-03
  2340  8.8584e-01  1.1416e-01  0.0000e+00  1.6990e-03
  2360  8.8584e-01  1.1416e-01  0.0000e+00  1.2843e-03
  2380  8.8584e-01  1.1416e-01  1.7881e-07  8.7065e-04
  2400  8.8584e-01  1.1416e-01  1.1921e-07  4.5806e-04
  2420  8.8584e-01  1.1416e-01  3.5763e-07  4.2707e-04
  2440  8.8584e-01  1.1416e-01  0.0000e+00  3.9625e-04
  2460  8.8583e-01  1.1417e-01  1.1921e-07  3.6645e-04
  2480  8.8583e-01  1.1417e-01  5.9605e-08  3.3665e-04
  2500  8.8583e-01  1.1417e-01  2.9802e-07  3.0714e-04
  2520  8.8583e-01  1.1417e-01  1.7881e-07  2.7853e-04
  2540  8.8583e-01  1.1417e-01  0.0000e+00  2.4992e-04
  2560  8.8583e-01  1.1417e-01  1.1921e-07  2.2131e-04
  2580  8.8583e-01  1.1417e-01  0.0000e+00  1.9270e-04
  2600  8.8583e-01  1.1417e-01  2.9802e-07  1.6409e-04
  2620  8.8583e-01  1.1417e-01  2.9802e-07  1.5217e-04
  2640  8.8583e-01  1.1417e-01  1.1921e-07  1.4132e-04
  2660  8.8583e-01  1.1417e-01  2.9802e-07  1.3059e-04
  2680  8.8583e-01  1.1417e-01  0.0000e+00  1.1986e-04
  2700  8.8583e-01  1.1417e-01  0.0000e+00  1.0914e-04
  2717  8.8583e-01  0.0000e+00  1.1417e-01  0.0000e+00  9.9480e-05
# Std.corr:  FIRST=   0.07481879   LAST=   0.11417459  TIME=   4663 s
